727.716 1.78282 50.5 1.3
718.098 1.66891 52.6 1.3
708.441 1.56513 53.3 1.3
698.744 1.47298 54.5 1.3
679.235 1.33045 54.6 1.5
669.422 1.28357 54.7 1.5
659.57 1.25495 56.1 1.5
649.679 1.24543 56.7 1.5
639.749 1.25514 57.6 1.5
637.758 1.25935 60.1 1.6
635.766 1.26428 58.4 1.6
633.772 1.26994 55.8 1.6
631.777 1.27632 58 1
629.78 1.2834 55 1
627.781 1.29116 56 1
625.781 1.2996 56 1
623.78 1.30871 60 1
621.777 1.31846 60 1
619.772 1.32884 56.6 1.6
614.753 1.35746 60 1.6
609.725 1.3897 55.2 1.6
599.639 1.46401 57.1 1.6
589.514 1.54989 54.8 1.6
579.35 1.64561 52.4 1.6
569.148 1.74968 60.3 1.6
558.906 1.86089 51.61 1.6
548.625 1.97823 58.27 1.6
538.306 2.10092 43.02 1.6
527.947 2.22835 41.06 1.6
nm snm mv smv