727.716 1.78282 0.0118812 0.00397219
718.098 1.66891 0.0114068 0.00381272
708.441 1.56513 0.00938086 0.00375931
698.744 1.47298 0.0110092 0.00551085
679.235 1.33045 0.0164835 0.00369089
669.422 1.28357 0.0182815 0.00369052
659.57 1.25495 0.0178253 0.00359678
649.679 1.24543 0.0194004 0.00356448
639.749 1.25514 0.0329861 0.00699737
637.758 1.25935 0.0399334 0.00838712
635.766 1.26428 0.0530822 0.0103764
633.772 1.26994 0.0752688 0.0162728
631.777 1.27632 0.0862069 0.0345148
629.78 1.2834 0.109091 0.0364177
627.781 1.29116 0.142857 0.0536321
625.781 1.2996 0.142857 0.0536321
623.78 1.30871 0.116667 0.0500378
621.777 1.31846 0.0833333 0.0333623
619.772 1.32884 0.0777385 0.031878
614.753 1.35746 0.0683333 0.0151103
609.725 1.3897 0.0706522 0.0146367
599.639 1.46401 0.0542907 0.0106174
589.514 1.54989 0.0437956 0.00921325
579.35 1.64561 0.0324427 0.0076976
569.148 1.74968 0.0215589 0.0050079
558.906 1.86089 0.0182135 0.00372451
548.625 1.97823 0.014244 0.00294355
538.306 2.10092 0.0151093 0.00307366
527.947 2.22835 0.0143692 0.00297571

dati I/V0