723.881 330.279 18.1 0.5
713.963 323.748 19 0.5
704.043 317.211 19.8 0.5
694.12 310.668 20.4 0.5
674.271 297.574 19.5 0.5
664.346 291.025 18 0.5
654.421 284.477 16.2 0.5
644.496 277.933 13.6 0.5
634.572 271.393 10.8 0.5
632.587 270.086 10.1 0.5
630.603 268.779 9.3 0.5
628.618 267.472 8.1 0.5
626.634 266.166 6.6 0.2
624.649 264.86 5 0.2
622.665 263.554 3.2 0.2
620.681 262.249 1.8 0.2
618.697 260.944 1 0.2
616.713 259.639 0.7 0.2
614.729 258.335 0.6 0.2
609.769 255.077 0.6 0.2
604.81 251.821 0.6 0.2
594.895 245.32 0.5 0.2
584.982 238.833 0.5 0.2
575.074 232.364 0.4 0.2
565.169 225.914 0.4 0.2
555.269 219.487 0.4 0.2
545.374 213.084 0.4 0.2
535.485 206.71 0.4 0.2
525.602 200.367 0.3 0.2