723.881 330.279 0.6 0.2
713.963 323.748 0.6 0.2
704.043 317.211 0.5 0.2
694.12 310.668 0.6 0.3
674.271 297.574 0.9 0.2
664.346 291.025 1 0.2
654.421 284.477 1 0.2
644.496 277.933 1.1 0.2
634.572 271.393 1.9 0.4
632.587 270.086 2.4 0.5
630.603 268.779 3.1 0.6
628.618 267.472 4.2 0.9
626.634 266.166 5 2
624.649 264.86 6 2
622.665 263.554 8 3
620.681 262.249 8 3
618.697 260.944 7 3
616.713 259.639 5 2
614.729 258.335 4.4 1.8
609.769 255.077 4.1 0.9
604.81 251.821 3.9 0.8
594.895 245.32 3.1 0.6
584.982 238.833 2.4 0.5
575.074 232.364 1.7 0.4
565.169 225.914 1.3 0.3
555.269 219.487 0.94 0.19
545.374 213.084 0.83 0.17
535.485 206.71 0.65 0.13
525.602 200.367 0.59 0.12
nm snm nA snA