ADC Channel - Charge distribution	LED bias56.03V, G29dB,I2.5
-49.5	0	
-48.5	0	
-47.5	0	
-46.5	0	
-45.5	0	
-44.5	0	
-43.5	0	
-42.5	0	
-41.5	0	
-40.5	1	
-39.5	0	
-38.5	1	
-37.5	0	
-36.5	1	
-35.5	0	
-34.5	2	
-33.5	0	
-32.5	1	
-31.5	6	
-30.5	2	
-29.5	5	
-28.5	6	
-27.5	7	
-26.5	18	
-25.5	20	
-24.5	31	
-23.5	34	
-22.5	47	
-21.5	69	
-20.5	102	
-19.5	110	
-18.5	159	
-17.5	214	
-16.5	328	
-15.5	331	
-14.5	459	
-13.5	565	
-12.5	707	
-11.5	864	
-10.5	1015	
-9.5	1240	
-8.5	1423	
-7.5	1657	
-6.5	1878	
-5.5	2015	
-4.5	2265	
-3.5	2442	
-2.5	2666	
-1.5	2759	
-0.5	2707	
0.5	2763	
1.5	2744	
2.5	2833	
3.5	2720	
4.5	2457	
5.5	2333	
6.5	2157	
7.5	2045	
8.5	1741	
9.5	1551	
10.5	1274	
11.5	1212	
12.5	933	
13.5	813	
14.5	620	
15.5	521	
16.5	400	
17.5	293	
18.5	203	
19.5	194	
20.5	142	
21.5	95	
22.5	76	
23.5	59	
24.5	30	
25.5	29	
26.5	34	
27.5	25	
28.5	9	
29.5	14	
30.5	11	
31.5	6	
32.5	6	
33.5	7	
34.5	4	
35.5	3	
36.5	8	
37.5	2	
38.5	5	
39.5	8	
40.5	1	
41.5	5	
42.5	5	
43.5	0	
44.5	3	
45.5	2	
46.5	4	
47.5	3	
48.5	5	
49.5	6	
50.5	3	
51.5	3	
52.5	0	
53.5	3	
54.5	6	
55.5	5	
56.5	4	
57.5	5	
58.5	5	
59.5	5	
60.5	4	
61.5	2	
62.5	3	
63.5	0	
64.5	1	
65.5	5	
66.5	2	
67.5	5	
68.5	1	
69.5	3	
70.5	2	
71.5	4	
72.5	2	
73.5	1	
74.5	3	
75.5	0	
76.5	0	
77.5	1	
78.5	1	
79.5	1	
80.5	3	
81.5	3	
82.5	1	
83.5	1	
84.5	4	
85.5	0	
86.5	1	
87.5	4	
88.5	1	
89.5	2	
90.5	3	
91.5	3	
92.5	3	
93.5	1	
94.5	1	
95.5	1	
96.5	1	
97.5	3	
98.5	1	
99.5	8	
100.5	3	
101.5	4	
102.5	2	
103.5	2	
104.5	1	
105.5	3	
106.5	3	
107.5	2	
108.5	2	
109.5	5	
110.5	1	
111.5	2	
112.5	2	
113.5	1	
114.5	2	
115.5	5	
116.5	5	
117.5	2	
118.5	1	
119.5	2	
120.5	2	
121.5	2	
122.5	3	
123.5	1	
124.5	3	
125.5	3	
126.5	1	
127.5	1	
128.5	7	
129.5	1	
130.5	3	
131.5	1	
132.5	2	
133.5	1	
134.5	2	
135.5	4	
136.5	4	
137.5	2	
138.5	3	
139.5	0	
140.5	3	
141.5	1	
142.5	2	
143.5	6	
144.5	3	
145.5	1	
146.5	3	
147.5	3	
148.5	0	
149.5	2	
150.5	1	
151.5	0	
152.5	1	
153.5	2	
154.5	3	
155.5	4	
156.5	1	
157.5	3	
158.5	1	
159.5	6	
160.5	4	
161.5	2	
162.5	1	
163.5	1	
164.5	2	
165.5	3	
166.5	4	
167.5	5	
168.5	1	
169.5	1	
170.5	5	
171.5	3	
172.5	2	
173.5	3	
174.5	2	
175.5	3	
176.5	3	
177.5	2	
178.5	1	
179.5	1	
180.5	5	
181.5	6	
182.5	2	
183.5	4	
184.5	1	
185.5	3	
186.5	2	
187.5	2	
188.5	3	
189.5	1	
190.5	1	
191.5	1	
192.5	2	
193.5	2	
194.5	1	
195.5	0	
196.5	4	
197.5	4	
198.5	6	
199.5	3	
200.5	2	
201.5	1	
202.5	2	
203.5	3	
204.5	1	
205.5	2	
206.5	3	
207.5	2	
208.5	3	
209.5	1	
210.5	3	
211.5	3	
212.5	3	
213.5	5	
214.5	0	
215.5	4	
216.5	5	
217.5	1	
218.5	3	
219.5	7	
220.5	6	
221.5	5	
222.5	5	
223.5	6	
224.5	7	
225.5	2	
226.5	5	
227.5	6	
228.5	3	
229.5	6	
230.5	2	
231.5	6	
232.5	2	
233.5	2	
234.5	4	
235.5	7	
236.5	3	
237.5	5	
238.5	3	
239.5	5	
240.5	11	
241.5	6	
242.5	9	
243.5	4	
244.5	11	
245.5	6	
246.5	5	
247.5	2	
248.5	3	
249.5	9	
250.5	9	
251.5	17	
252.5	11	
253.5	13	
254.5	8	
255.5	12	
256.5	7	
257.5	11	
258.5	6	
259.5	21	
260.5	19	
261.5	21	
262.5	19	
263.5	21	
264.5	23	
265.5	28	
266.5	48	
267.5	43	
268.5	44	
269.5	60	
270.5	69	
271.5	82	
272.5	120	
273.5	143	
274.5	140	
275.5	169	
276.5	217	
277.5	260	
278.5	320	
279.5	316	
280.5	380	
281.5	444	
282.5	511	
283.5	576	
284.5	648	
285.5	674	
286.5	811	
287.5	866	
288.5	1077	
289.5	1134	
290.5	1126	
291.5	1413	
292.5	1385	
293.5	1614	
294.5	1588	
295.5	1790	
296.5	1867	
297.5	2046	
298.5	2216	
299.5	2168	
300.5	2255	
301.5	2386	
302.5	2476	
303.5	2551	
304.5	2590	
305.5	2549	
306.5	2709	
307.5	2604	
308.5	2715	
309.5	2644	
310.5	2568	
311.5	2602	
312.5	2562	
313.5	2380	
314.5	2330	
315.5	2229	
316.5	2154	
317.5	2030	
318.5	2004	
319.5	1875	
320.5	1694	
321.5	1556	
322.5	1481	
323.5	1348	
324.5	1274	
325.5	1147	
326.5	1060	
327.5	888	
328.5	820	
329.5	773	
330.5	673	
331.5	594	
332.5	516	
333.5	467	
334.5	389	
335.5	327	
336.5	295	
337.5	288	
338.5	236	
339.5	178	
340.5	159	
341.5	128	
342.5	107	
343.5	98	
344.5	102	
345.5	86	
346.5	80	
347.5	89	
348.5	80	
349.5	83	
350.5	71	
351.5	65	
352.5	77	
353.5	63	
354.5	64	
355.5	79	
356.5	72	
357.5	69	
358.5	85	
359.5	71	
360.5	74	
361.5	70	
362.5	76	
363.5	80	
364.5	71	
365.5	86	
366.5	70	
367.5	97	
368.5	88	
369.5	89	
370.5	78	
371.5	98	
372.5	79	
373.5	90	
374.5	75	
375.5	70	
376.5	87	
377.5	96	
378.5	80	
379.5	78	
380.5	109	
381.5	117	
382.5	96	
383.5	83	
384.5	92	
385.5	98	
386.5	101	
387.5	92	
388.5	102	
389.5	99	
390.5	90	
391.5	85	
392.5	97	
393.5	107	
394.5	116	
395.5	114	
396.5	111	
397.5	92	
398.5	116	
399.5	105	
400.5	96	
401.5	97	
402.5	112	
403.5	98	
404.5	85	
405.5	119	
406.5	97	
407.5	107	
408.5	124	
409.5	106	
410.5	110	
411.5	129	
412.5	84	
413.5	107	
414.5	120	
415.5	97	
416.5	106	
417.5	140	
418.5	128	
419.5	93	
420.5	136	
421.5	110	
422.5	103	
423.5	123	
424.5	103	
425.5	122	
426.5	111	
427.5	127	
428.5	114	
429.5	98	
430.5	98	
431.5	129	
432.5	104	
433.5	113	
434.5	110	
435.5	119	
436.5	115	
437.5	107	
438.5	125	
439.5	102	
440.5	101	
441.5	113	
442.5	90	
443.5	124	
444.5	96	
445.5	110	
446.5	105	
447.5	100	
448.5	87	
449.5	107	
450.5	100	
451.5	75	
452.5	92	
453.5	80	
454.5	100	
455.5	79	
456.5	85	
457.5	93	
458.5	69	
459.5	79	
460.5	75	
461.5	70	
462.5	73	
463.5	62	
464.5	74	
465.5	75	
466.5	77	
467.5	61	
468.5	77	
469.5	51	
470.5	68	
471.5	55	
472.5	53	
473.5	62	
474.5	59	
475.5	41	
476.5	50	
477.5	38	
478.5	49	
479.5	50	
480.5	43	
481.5	40	
482.5	52	
483.5	41	
484.5	27	
485.5	44	
486.5	31	
487.5	37	
488.5	30	
489.5	32	
490.5	33	
491.5	23	
492.5	25	
493.5	32	
494.5	29	
495.5	29	
496.5	30	
497.5	29	
498.5	29	
499.5	24	
500.5	24	
501.5	26	
502.5	27	
503.5	17	
504.5	17	
505.5	32	
506.5	24	
507.5	25	
508.5	23	
509.5	20	
510.5	13	
511.5	25	
512.5	23	
513.5	23	
514.5	24	
515.5	24	
516.5	16	
517.5	19	
518.5	24	
519.5	19	
520.5	17	
521.5	23	
522.5	23	
523.5	22	
524.5	27	
525.5	27	
526.5	25	
527.5	22	
528.5	16	
529.5	19	
530.5	28	
531.5	20	
532.5	28	
533.5	30	
534.5	30	
535.5	27	
536.5	30	
537.5	28	
538.5	23	
539.5	22	
540.5	29	
541.5	36	
542.5	37	
543.5	25	
544.5	30	
545.5	25	
546.5	35	
547.5	34	
548.5	37	
549.5	45	
550.5	42	
551.5	41	
552.5	53	
553.5	60	
554.5	45	
555.5	36	
556.5	71	
557.5	69	
558.5	75	
559.5	87	
560.5	76	
561.5	91	
562.5	101	
563.5	111	
564.5	122	
565.5	138	
566.5	126	
567.5	155	
568.5	181	
569.5	196	
570.5	247	
571.5	238	
572.5	258	
573.5	293	
574.5	321	
575.5	323	
576.5	396	
577.5	405	
578.5	433	
579.5	478	
580.5	525	
581.5	562	
582.5	584	
583.5	616	
584.5	691	
585.5	687	
586.5	726	
587.5	789	
588.5	881	
589.5	913	
590.5	850	
591.5	1055	
592.5	1025	
593.5	1118	
594.5	1095	
595.5	1141	
596.5	1244	
597.5	1252	
598.5	1276	
599.5	1263	
600.5	1399	
601.5	1364	
602.5	1371	
603.5	1419	
604.5	1506	
605.5	1478	
606.5	1495	
607.5	1519	
608.5	1537	
609.5	1513	
610.5	1505	
611.5	1543	
612.5	1560	
613.5	1433	
614.5	1461	
615.5	1528	
616.5	1463	
617.5	1475	
618.5	1388	
619.5	1394	
620.5	1414	
621.5	1332	
622.5	1312	
623.5	1316	
624.5	1295	
625.5	1228	
626.5	1203	
627.5	1147	
628.5	1163	
629.5	1025	
630.5	1025	
631.5	957	
632.5	943	
633.5	844	
634.5	797	
635.5	826	
636.5	736	
637.5	755	
638.5	679	
639.5	614	
640.5	597	
641.5	565	
642.5	505	
643.5	521	
644.5	473	
645.5	400	
646.5	339	
647.5	345	
648.5	319	
649.5	287	
650.5	265	
651.5	276	
652.5	214	
653.5	242	
654.5	212	
655.5	198	
656.5	163	
657.5	173	
658.5	157	
659.5	161	
660.5	141	
661.5	142	
662.5	158	
663.5	142	
664.5	164	
665.5	125	
666.5	133	
667.5	148	
668.5	119	
669.5	135	
670.5	128	
671.5	126	
672.5	144	
673.5	167	
674.5	143	
675.5	154	
676.5	124	
677.5	148	
678.5	166	
679.5	151	
680.5	148	
681.5	164	
682.5	153	
683.5	164	
684.5	167	
685.5	154	
686.5	161	
687.5	148	
688.5	156	
689.5	155	
690.5	164	
691.5	154	
692.5	179	
693.5	143	
694.5	163	
695.5	154	
696.5	169	
697.5	195	
698.5	173	
699.5	168	
700.5	165	
701.5	181	
702.5	161	
703.5	176	
704.5	166	
705.5	186	
706.5	175	
707.5	189	
708.5	192	
709.5	175	
710.5	200	
711.5	165	
712.5	187	
713.5	187	
714.5	170	
715.5	222	
716.5	188	
717.5	189	
718.5	184	
719.5	169	
720.5	201	
721.5	194	
722.5	201	
723.5	176	
724.5	194	
725.5	185	
726.5	178	
727.5	181	
728.5	177	
729.5	197	
730.5	174	
731.5	191	
732.5	185	
733.5	177	
734.5	179	
735.5	180	
736.5	195	
737.5	158	
738.5	176	
739.5	188	
740.5	153	
741.5	184	
742.5	156	
743.5	183	
744.5	151	
745.5	168	
746.5	166	
747.5	171	
748.5	162	
749.5	152	
750.5	164	
751.5	177	
752.5	151	
753.5	159	
754.5	132	
755.5	140	
756.5	153	
757.5	146	
758.5	138	
759.5	128	
760.5	124	
761.5	132	
762.5	130	
763.5	127	
764.5	126	
765.5	142	
766.5	116	
767.5	115	
768.5	141	
769.5	131	
770.5	122	
771.5	127	
772.5	128	
773.5	122	
774.5	107	
775.5	125	
776.5	106	
777.5	105	
778.5	97	
779.5	114	
780.5	97	
781.5	102	
782.5	88	
783.5	99	
784.5	96	
785.5	102	
786.5	89	
787.5	86	
788.5	77	
789.5	91	
790.5	75	
791.5	87	
792.5	84	
793.5	78	
794.5	71	
795.5	74	
796.5	69	
797.5	72	
798.5	62	
799.5	69	
800.5	66	
801.5	58	
802.5	70	
803.5	64	
804.5	51	
805.5	56	
806.5	73	
807.5	69	
808.5	51	
809.5	58	
810.5	54	
811.5	42	
812.5	50	
813.5	47	
814.5	41	
815.5	47	
816.5	44	
817.5	42	
818.5	50	
819.5	42	
820.5	46	
821.5	60	
822.5	55	
823.5	50	
824.5	36	
825.5	41	
826.5	55	
827.5	42	
828.5	52	
829.5	58	
830.5	58	
831.5	53	
832.5	52	
833.5	50	
834.5	53	
835.5	48	
836.5	47	
837.5	56	
838.5	47	
839.5	63	
840.5	66	
841.5	66	
842.5	69	
843.5	58	
844.5	66	
845.5	65	
846.5	77	
847.5	71	
848.5	76	
849.5	81	
850.5	96	
851.5	86	
852.5	71	
853.5	73	
854.5	80	
855.5	90	
856.5	102	
857.5	114	
858.5	124	
859.5	126	
860.5	126	
861.5	131	
862.5	127	
863.5	136	
864.5	186	
865.5	165	
866.5	185	
867.5	190	
868.5	195	
869.5	217	
870.5	230	
871.5	200	
872.5	243	
873.5	270	
874.5	265	
875.5	285	
876.5	296	
877.5	347	
878.5	331	
879.5	339	
880.5	364	
881.5	374	
882.5	383	
883.5	389	
884.5	447	
885.5	440	
886.5	456	
887.5	456	
888.5	454	
889.5	490	
890.5	481	
891.5	532	
892.5	521	
893.5	539	
894.5	516	
895.5	606	
896.5	546	
897.5	587	
898.5	557	
899.5	599	
900.5	650	
901.5	607	
902.5	624	
903.5	635	
904.5	629	
905.5	603	
906.5	610	
907.5	628	
908.5	629	
909.5	644	
910.5	640	
911.5	692	
912.5	649	
913.5	701	
914.5	620	
915.5	657	
916.5	657	
917.5	685	
918.5	641	
919.5	702	
920.5	608	
921.5	662	
922.5	663	
923.5	636	
924.5	663	
925.5	654	
926.5	626	
927.5	636	
928.5	626	
929.5	640	
930.5	626	
931.5	622	
932.5	590	
933.5	601	
934.5	576	
935.5	596	
936.5	535	
937.5	528	
938.5	539	
939.5	513	
940.5	501	
941.5	495	
942.5	508	
943.5	455	
944.5	452	
945.5	457	
946.5	411	
947.5	433	
948.5	337	
949.5	355	
950.5	372	
951.5	362	
952.5	353	
953.5	362	
954.5	273	
955.5	283	
956.5	269	
957.5	279	
958.5	258	
959.5	238	
960.5	228	
961.5	250	
962.5	218	
963.5	198	
964.5	194	
965.5	200	
966.5	204	
967.5	196	
968.5	158	
969.5	176	
970.5	184	
971.5	147	
972.5	171	
973.5	161	
974.5	163	
975.5	147	
976.5	150	
977.5	156	
978.5	136	
979.5	103	
980.5	142	
981.5	133	
982.5	124	
983.5	155	
984.5	129	
985.5	134	
986.5	125	
987.5	130	
988.5	136	
989.5	166	
990.5	148	
991.5	137	
992.5	144	
993.5	157	
994.5	165	
995.5	154	
996.5	175	
997.5	155	
998.5	161	
999.5	141	
1000.5	169	
1001.5	168	
1002.5	143	
1003.5	148	
1004.5	149	
1005.5	136	
1006.5	172	
1007.5	165	
1008.5	167	
1009.5	132	
1010.5	153	
1011.5	143	
1012.5	170	
1013.5	155	
1014.5	156	
1015.5	151	
1016.5	152	
1017.5	170	
1018.5	174	
1019.5	183	
1020.5	142	
1021.5	151	
1022.5	155	
1023.5	145	
1024.5	165	
1025.5	181	
1026.5	154	
1027.5	147	
1028.5	155	
1029.5	151	
1030.5	166	
1031.5	136	
1032.5	135	
1033.5	151	
1034.5	140	
1035.5	144	
1036.5	169	
1037.5	113	
1038.5	150	
1039.5	147	
1040.5	155	
1041.5	130	
1042.5	144	
1043.5	137	
1044.5	143	
1045.5	120	
1046.5	149	
1047.5	149	
1048.5	143	
1049.5	141	
1050.5	149	
1051.5	127	
1052.5	142	
1053.5	131	
1054.5	122	
1055.5	123	
1056.5	133	
1057.5	127	
1058.5	127	
1059.5	117	
1060.5	134	
1061.5	131	
1062.5	138	
1063.5	136	
1064.5	111	
1065.5	116	
1066.5	135	
1067.5	110	
1068.5	102	
1069.5	103	
1070.5	99	
1071.5	122	
1072.5	105	
1073.5	111	
1074.5	129	
1075.5	96	
1076.5	90	
1077.5	92	
1078.5	107	
1079.5	119	
1080.5	104	
1081.5	100	
1082.5	112	
1083.5	97	
1084.5	101	
1085.5	107	
1086.5	99	
1087.5	91	
1088.5	95	
1089.5	96	
1090.5	91	
1091.5	77	
1092.5	73	
1093.5	82	
1094.5	89	
1095.5	76	
1096.5	83	
1097.5	79	
1098.5	69	
1099.5	74	
1100.5	88	
1101.5	82	
1102.5	76	
1103.5	70	
1104.5	67	
1105.5	70	
1106.5	84	
1107.5	78	
1108.5	60	
1109.5	71	
1110.5	69	
1111.5	67	
1112.5	55	
1113.5	58	
1114.5	67	
1115.5	67	
1116.5	67	
1117.5	62	
1118.5	61	
1119.5	52	
1120.5	68	
1121.5	48	
1122.5	58	
1123.5	55	
1124.5	56	
1125.5	67	
1126.5	64	
1127.5	60	
1128.5	63	
1129.5	58	
1130.5	78	
1131.5	53	
1132.5	57	
1133.5	57	
1134.5	57	
1135.5	59	
1136.5	68	
1137.5	54	
1138.5	80	
1139.5	56	
1140.5	59	
1141.5	53	
1142.5	69	
1143.5	67	
1144.5	70	
1145.5	77	
1146.5	78	
1147.5	94	
1148.5	73	
1149.5	69	
1150.5	85	
1151.5	108	
1152.5	96	
1153.5	93	
1154.5	88	
1155.5	112	
1156.5	107	
1157.5	100	
1158.5	102	
1159.5	99	
1160.5	114	
1161.5	126	
1162.5	112	
1163.5	137	
1164.5	116	
1165.5	120	
1166.5	124	
1167.5	154	
1168.5	132	
1169.5	134	
1170.5	167	
1171.5	145	
1172.5	164	
1173.5	151	
1174.5	153	
1175.5	176	
1176.5	163	
1177.5	184	
1178.5	175	
1179.5	161	
1180.5	192	
1181.5	176	
1182.5	186	
1183.5	207	
1184.5	182	
1185.5	239	
1186.5	220	
1187.5	216	
1188.5	214	
1189.5	204	
1190.5	235	
1191.5	251	
1192.5	224	
1193.5	220	
1194.5	213	
1195.5	226	
1196.5	240	
1197.5	226	
1198.5	238	
1199.5	221	
1200.5	260	
1201.5	249	
1202.5	244	
1203.5	246	
1204.5	278	
1205.5	227	
1206.5	270	
1207.5	252	
1208.5	281	
1209.5	234	
1210.5	272	
1211.5	260	
1212.5	240	
1213.5	269	
1214.5	256	
1215.5	274	
1216.5	250	
1217.5	262	
1218.5	256	
1219.5	283	
1220.5	262	
1221.5	264	
1222.5	259	
1223.5	238	
1224.5	253	
1225.5	279	
1226.5	247	
1227.5	271	
1228.5	264	
1229.5	256	
1230.5	260	
1231.5	261	
1232.5	242	
1233.5	254	
1234.5	274	
1235.5	220	
1236.5	249	
1237.5	245	
1238.5	253	
1239.5	252	
1240.5	238	
1241.5	237	
1242.5	237	
1243.5	247	
1244.5	229	
1245.5	222	
1246.5	244	
1247.5	217	
1248.5	218	
1249.5	215	
1250.5	245	
1251.5	221	
1252.5	205	
1253.5	201	
1254.5	226	
1255.5	219	
1256.5	201	
1257.5	197	
1258.5	215	
1259.5	192	
1260.5	180	
1261.5	163	
1262.5	172	
1263.5	173	
1264.5	172	
1265.5	154	
1266.5	138	
1267.5	156	
1268.5	156	
1269.5	144	
1270.5	124	
1271.5	154	
1272.5	137	
1273.5	120	
1274.5	157	
1275.5	128	
1276.5	101	
1277.5	110	
1278.5	114	
1279.5	124	
1280.5	112	
1281.5	105	
1282.5	122	
1283.5	121	
1284.5	90	
1285.5	111	
1286.5	112	
1287.5	92	
1288.5	122	
1289.5	97	
1290.5	89	
1291.5	95	
1292.5	120	
1293.5	96	
1294.5	101	
1295.5	97	
1296.5	112	
1297.5	83	
1298.5	99	
1299.5	109	
1300.5	103	
1301.5	96	
1302.5	115	
1303.5	84	
1304.5	107	
1305.5	93	
1306.5	89	
1307.5	104	
1308.5	115	
1309.5	90	
1310.5	94	
1311.5	88	
1312.5	113	
1313.5	105	
1314.5	95	
1315.5	95	
1316.5	93	
1317.5	98	
1318.5	96	
1319.5	99	
1320.5	72	
1321.5	114	
1322.5	95	
1323.5	90	
1324.5	92	
1325.5	95	
1326.5	100	
1327.5	101	
1328.5	98	
1329.5	107	
1330.5	110	
1331.5	89	
1332.5	95	
1333.5	90	
1334.5	97	
1335.5	84	
1336.5	91	
1337.5	92	
1338.5	89	
1339.5	101	
1340.5	86	
1341.5	109	
1342.5	88	
1343.5	88	
1344.5	93	
1345.5	93	
1346.5	92	
1347.5	85	
1348.5	71	
1349.5	95	
1350.5	77	
1351.5	81	
1352.5	90	
1353.5	70	
1354.5	72	
1355.5	91	
1356.5	97	
1357.5	69	
1358.5	76	
1359.5	78	
1360.5	89	
1361.5	92	
1362.5	87	
1363.5	71	
1364.5	77	
1365.5	84	
1366.5	67	
1367.5	92	
1368.5	78	
1369.5	84	
1370.5	76	
1371.5	75	
1372.5	84	
1373.5	82	
1374.5	56	
1375.5	69	
1376.5	87	
1377.5	66	
1378.5	55	
1379.5	83	
1380.5	78	
1381.5	63	
1382.5	71	
1383.5	81	
1384.5	64	
1385.5	61	
1386.5	62	
1387.5	60	
1388.5	72	
1389.5	57	
1390.5	67	
1391.5	64	
1392.5	64	
1393.5	58	
1394.5	53	
1395.5	52	
1396.5	55	
1397.5	51	
1398.5	59	
1399.5	78	
1400.5	48	
1401.5	57	
1402.5	60	
1403.5	81	
1404.5	53	
1405.5	62	
1406.5	52	
1407.5	36	
1408.5	49	
1409.5	48	
1410.5	47	
1411.5	44	
1412.5	48	
1413.5	47	
1414.5	43	
1415.5	50	
1416.5	58	
1417.5	55	
1418.5	48	
1419.5	46	
1420.5	47	
1421.5	40	
1422.5	54	
1423.5	49	
1424.5	54	
1425.5	36	
1426.5	52	
1427.5	54	
1428.5	48	
1429.5	57	
1430.5	52	
1431.5	46	
1432.5	38	
1433.5	45	
1434.5	52	
1435.5	33	
1436.5	38	
1437.5	42	
1438.5	38	
1439.5	57	
1440.5	49	
1441.5	59	
1442.5	46	
1443.5	62	
1444.5	47	
1445.5	53	
1446.5	57	
1447.5	43	
1448.5	68	
1449.5	52	
1450.5	58	
1451.5	67	
1452.5	63	
1453.5	58	
1454.5	65	
1455.5	64	
1456.5	76	
1457.5	60	
1458.5	61	
1459.5	62	
1460.5	61	
1461.5	79	
1462.5	71	
1463.5	83	
1464.5	51	
1465.5	63	
1466.5	73	
1467.5	72	
1468.5	83	
1469.5	75	
1470.5	72	
1471.5	79	
1472.5	82	
1473.5	70	
1474.5	89	
1475.5	65	
1476.5	88	
1477.5	72	
1478.5	97	
1479.5	82	
1480.5	79	
1481.5	85	
1482.5	97	
1483.5	86	
1484.5	83	
1485.5	80	
1486.5	99	
1487.5	88	
1488.5	100	
1489.5	97	
1490.5	91	
1491.5	93	
1492.5	75	
1493.5	109	
1494.5	104	
1495.5	89	
1496.5	89	
1497.5	92	
1498.5	94	
1499.5	94	
1500.5	95	
1501.5	95	
1502.5	92	
1503.5	91	
1504.5	85	
1505.5	78	
1506.5	109	
1507.5	104	
1508.5	108	
1509.5	91	
1510.5	88	
1511.5	108	
1512.5	96	
1513.5	96	
1514.5	90	
1515.5	86	
1516.5	109	
1517.5	76	
1518.5	98	
1519.5	103	
1520.5	83	
1521.5	111	
1522.5	103	
1523.5	96	
1524.5	96	
1525.5	105	
1526.5	84	
1527.5	107	
1528.5	94	
1529.5	123	
1530.5	100	
1531.5	107	
1532.5	110	
1533.5	93	
1534.5	102	
1535.5	86	
1536.5	113	
1537.5	112	
1538.5	101	
1539.5	90	
1540.5	80	
1541.5	106	
1542.5	96	
1543.5	103	
1544.5	94	
1545.5	102	
1546.5	92	
1547.5	96	
1548.5	89	
1549.5	71	
1550.5	84	
1551.5	101	
1552.5	96	
1553.5	100	
1554.5	94	
1555.5	79	
1556.5	95	
1557.5	81	
1558.5	94	
1559.5	87	
1560.5	79	
1561.5	65	
1562.5	82	
1563.5	94	
1564.5	71	
1565.5	89	
1566.5	101	
1567.5	75	
1568.5	73	
1569.5	71	
1570.5	80	
1571.5	74	
1572.5	66	
1573.5	50	
1574.5	70	
1575.5	73	
1576.5	59	
1577.5	80	
1578.5	57	
1579.5	70	
1580.5	64	
1581.5	80	
1582.5	52	
1583.5	72	
1584.5	71	
1585.5	63	
1586.5	48	
1587.5	59	
1588.5	53	
1589.5	53	
1590.5	63	
1591.5	49	
1592.5	48	
1593.5	56	
1594.5	46	
1595.5	41	
1596.5	54	
1597.5	49	
1598.5	47	
1599.5	52	
1600.5	47	
1601.5	56	
1602.5	55	
1603.5	59	
1604.5	50	
1605.5	52	
1606.5	51	
1607.5	49	
1608.5	43	
1609.5	48	
1610.5	49	
1611.5	42	
1612.5	55	
1613.5	51	
1614.5	49	
1615.5	50	
1616.5	45	
1617.5	54	
1618.5	48	
1619.5	54	
1620.5	49	
1621.5	49	
1622.5	45	
1623.5	48	
1624.5	45	
1625.5	60	
1626.5	45	
1627.5	44	
1628.5	53	
1629.5	49	
1630.5	53	
1631.5	40	
1632.5	39	
1633.5	49	
1634.5	36	
1635.5	52	
1636.5	46	
1637.5	56	
1638.5	52	
1639.5	31	
1640.5	53	
1641.5	49	
1642.5	52	
1643.5	38	
1644.5	39	
1645.5	43	
1646.5	44	
1647.5	39	
1648.5	39	
1649.5	34	
1650.5	45	
1651.5	39	
1652.5	40	
1653.5	30	
1654.5	35	
1655.5	43	
1656.5	42	
1657.5	39	
1658.5	43	
1659.5	45	
1660.5	42	
1661.5	43	
1662.5	39	
1663.5	36	
1664.5	36	
1665.5	40	
1666.5	38	
1667.5	36	
1668.5	41	
1669.5	44	
1670.5	30	
1671.5	40	
1672.5	42	
1673.5	36	
1674.5	32	
1675.5	39	
1676.5	42	
1677.5	40	
1678.5	33	
1679.5	32	
1680.5	35	
1681.5	43	
1682.5	28	
1683.5	46	
1684.5	38	
1685.5	30	
1686.5	37	
1687.5	40	
1688.5	45	
1689.5	36	
1690.5	42	
1691.5	44	
1692.5	28	
1693.5	37	
1694.5	20	
1695.5	35	
1696.5	32	
1697.5	28	
1698.5	29	
1699.5	43	
1700.5	32	
1701.5	34	
1702.5	37	
1703.5	26	
1704.5	16	
1705.5	32	
1706.5	38	
1707.5	36	
1708.5	25	
1709.5	44	
1710.5	26	
1711.5	36	
1712.5	22	
1713.5	40	
1714.5	29	
1715.5	35	
1716.5	32	
1717.5	38	
1718.5	29	
1719.5	26	
1720.5	28	
1721.5	30	
1722.5	22	
1723.5	30	
1724.5	22	
1725.5	40	
1726.5	25	
1727.5	39	
1728.5	27	
1729.5	38	
1730.5	38	
1731.5	25	
1732.5	34	
1733.5	27	
1734.5	31	
1735.5	32	
1736.5	29	
1737.5	26	
1738.5	24	
1739.5	23	
1740.5	30	
1741.5	39	
1742.5	21	
1743.5	27	
1744.5	26	
1745.5	25	
1746.5	20	
1747.5	41	
1748.5	21	
1749.5	17	
1750.5	25	
1751.5	26	
1752.5	21	
1753.5	26	
1754.5	33	
1755.5	32	
1756.5	35	
1757.5	24	
1758.5	30	
1759.5	24	
1760.5	39	
1761.5	35	
1762.5	25	
1763.5	28	
1764.5	26	
1765.5	29	
1766.5	25	
1767.5	30	
1768.5	42	
1769.5	45	
1770.5	24	
1771.5	30	
1772.5	24	
1773.5	27	
1774.5	30	
1775.5	28	
1776.5	44	
1777.5	37	
1778.5	34	
1779.5	24	
1780.5	40	
1781.5	40	
1782.5	31	
1783.5	25	
1784.5	28	
1785.5	42	
1786.5	44	
1787.5	40	
1788.5	35	
1789.5	35	
1790.5	35	
1791.5	28	
1792.5	31	
1793.5	33	
1794.5	42	
1795.5	43	
1796.5	30	
1797.5	35	
1798.5	31	
1799.5	27	
1800.5	38	
1801.5	39	
1802.5	26	
1803.5	25	
1804.5	40	
1805.5	33	
1806.5	32	
1807.5	42	
1808.5	36	
1809.5	38	
1810.5	32	
1811.5	31	
1812.5	36	
1813.5	27	
1814.5	32	
1815.5	32	
1816.5	21	
1817.5	40	
1818.5	37	
1819.5	37	
1820.5	37	
1821.5	34	
1822.5	32	
1823.5	41	
1824.5	25	
1825.5	40	
1826.5	35	
1827.5	41	
1828.5	24	
1829.5	30	
1830.5	36	
1831.5	36	
1832.5	37	
1833.5	42	
1834.5	33	
1835.5	31	
1836.5	37	
1837.5	41	
1838.5	44	
1839.5	40	
1840.5	32	
1841.5	44	
1842.5	30	
1843.5	35	
1844.5	35	
1845.5	40	
1846.5	28	
1847.5	38	
1848.5	39	
1849.5	32	
1850.5	30	
1851.5	26	
1852.5	40	
1853.5	42	
1854.5	31	
1855.5	36	
1856.5	31	
1857.5	36	
1858.5	36	
1859.5	35	
1860.5	32	
1861.5	41	
1862.5	26	
1863.5	41	
1864.5	25	
1865.5	32	
1866.5	37	
1867.5	43	
1868.5	45	
1869.5	27	
1870.5	36	
1871.5	30	
1872.5	35	
1873.5	31	
1874.5	32	
1875.5	32	
1876.5	20	
1877.5	25	
1878.5	29	
1879.5	30	
1880.5	35	
1881.5	31	
1882.5	22	
1883.5	26	
1884.5	25	
1885.5	23	
1886.5	28	
1887.5	21	
1888.5	25	
1889.5	10	
1890.5	28	
1891.5	26	
1892.5	24	
1893.5	13	
1894.5	22	
1895.5	28	
1896.5	30	
1897.5	28	
1898.5	26	
1899.5	26	
1900.5	30	
1901.5	17	
1902.5	23	
1903.5	25	
1904.5	20	
1905.5	30	
1906.5	19	
1907.5	29	
1908.5	21	
1909.5	17	
1910.5	24	
1911.5	24	
1912.5	17	
1913.5	25	
1914.5	16	
1915.5	21	
1916.5	31	
1917.5	10	
1918.5	14	
1919.5	22	
1920.5	16	
1921.5	21	
1922.5	29	
1923.5	15	
1924.5	20	
1925.5	21	
1926.5	17	
1927.5	20	
1928.5	17	
1929.5	23	
1930.5	18	
1931.5	18	
1932.5	16	
1933.5	12	
1934.5	14	
1935.5	17	
1936.5	14	
1937.5	28	
1938.5	22	
1939.5	19	
1940.5	17	
1941.5	14	
1942.5	24	
1943.5	17	
1944.5	17	
1945.5	17	
1946.5	20	
1947.5	23	
1948.5	25	
1949.5	24	
1950.5	16	
1951.5	22	
1952.5	20	
1953.5	21	
1954.5	18	
1955.5	27	
1956.5	21	
1957.5	19	
1958.5	15	
1959.5	16	
1960.5	29	
1961.5	18	
1962.5	15	
1963.5	15	
1964.5	19	
1965.5	23	
1966.5	15	
1967.5	21	
1968.5	17	
1969.5	17	
1970.5	17	
1971.5	25	
1972.5	18	
1973.5	7	
1974.5	16	
1975.5	13	
1976.5	24	
1977.5	20	
1978.5	16	
1979.5	18	
1980.5	10	
1981.5	13	
1982.5	8	
1983.5	15	
1984.5	16	
1985.5	9	
1986.5	22	
1987.5	21	
1988.5	16	
1989.5	23	
1990.5	10	
1991.5	14	
1992.5	18	
1993.5	13	
1994.5	14	
1995.5	14	
1996.5	13	
1997.5	15	
