-49.5	0	
-48.5	0	
-47.5	0	
-46.5	0	
-45.5	0	
-44.5	0	
-43.5	0	
-42.5	0	
-41.5	0	
-40.5	0	
-39.5	0	
-38.5	0	
-37.5	0	
-36.5	0	
-35.5	2	
-34.5	3	
-33.5	2	
-32.5	2	
-31.5	1	
-30.5	7	
-29.5	7	
-28.5	5	
-27.5	8	
-26.5	11	
-25.5	23	
-24.5	20	
-23.5	35	
-22.5	46	
-21.5	67	
-20.5	92	
-19.5	104	
-18.5	143	
-17.5	214	
-16.5	241	
-15.5	352	
-14.5	435	
-13.5	545	
-12.5	699	
-11.5	745	
-10.5	926	
-9.5	1145	
-8.5	1277	
-7.5	1485	
-6.5	1722	
-5.5	1935	
-4.5	2102	
-3.5	2338	
-2.5	2390	
-1.5	2532	
-0.5	2567	
0.5	2675	
1.5	2598	
2.5	2628	
3.5	2398	
4.5	2279	
5.5	2156	
6.5	2017	
7.5	1840	
8.5	1584	
9.5	1461	
10.5	1207	
11.5	1024	
12.5	866	
13.5	707	
14.5	584	
15.5	463	
16.5	351	
17.5	293	
18.5	195	
19.5	169	
20.5	141	
21.5	87	
22.5	64	
23.5	72	
24.5	45	
25.5	29	
26.5	19	
27.5	20	
28.5	17	
29.5	10	
30.5	10	
31.5	10	
32.5	4	
33.5	3	
34.5	2	
35.5	7	
36.5	2	
37.5	3	
38.5	3	
39.5	6	
40.5	4	
41.5	3	
42.5	2	
43.5	7	
44.5	5	
45.5	5	
46.5	5	
47.5	3	
48.5	4	
49.5	0	
50.5	4	
51.5	2	
52.5	7	
53.5	3	
54.5	4	
55.5	6	
56.5	4	
57.5	4	
58.5	1	
59.5	3	
60.5	2	
61.5	4	
62.5	7	
63.5	2	
64.5	2	
65.5	4	
66.5	5	
67.5	1	
68.5	3	
69.5	7	
70.5	2	
71.5	3	
72.5	1	
73.5	3	
74.5	3	
75.5	7	
76.5	3	
77.5	3	
78.5	4	
79.5	3	
80.5	3	
81.5	3	
82.5	4	
83.5	3	
84.5	2	
85.5	1	
86.5	2	
87.5	2	
88.5	3	
89.5	4	
90.5	3	
91.5	0	
92.5	2	
93.5	0	
94.5	0	
95.5	0	
96.5	0	
97.5	4	
98.5	2	
99.5	3	
100.5	1	
101.5	1	
102.5	4	
103.5	2	
104.5	3	
105.5	4	
106.5	0	
107.5	3	
108.5	3	
109.5	3	
110.5	0	
111.5	5	
112.5	1	
113.5	1	
114.5	1	
115.5	4	
116.5	2	
117.5	2	
118.5	1	
119.5	2	
120.5	5	
121.5	4	
122.5	6	
123.5	0	
124.5	3	
125.5	2	
126.5	2	
127.5	0	
128.5	3	
129.5	1	
130.5	1	
131.5	0	
132.5	4	
133.5	2	
134.5	0	
135.5	2	
136.5	1	
137.5	0	
138.5	0	
139.5	0	
140.5	2	
141.5	0	
142.5	3	
143.5	1	
144.5	2	
145.5	3	
146.5	4	
147.5	1	
148.5	2	
149.5	4	
150.5	1	
151.5	2	
152.5	3	
153.5	3	
154.5	0	
155.5	1	
156.5	4	
157.5	3	
158.5	1	
159.5	3	
160.5	2	
161.5	3	
162.5	2	
163.5	1	
164.5	2	
165.5	0	
166.5	0	
167.5	3	
168.5	1	
169.5	2	
170.5	3	
171.5	1	
172.5	0	
173.5	4	
174.5	2	
175.5	2	
176.5	1	
177.5	4	
178.5	5	
179.5	1	
180.5	0	
181.5	1	
182.5	4	
183.5	2	
184.5	0	
185.5	3	
186.5	2	
187.5	2	
188.5	4	
189.5	2	
190.5	5	
191.5	2	
192.5	1	
193.5	1	
194.5	0	
195.5	1	
196.5	2	
197.5	2	
198.5	0	
199.5	0	
200.5	1	
201.5	1	
202.5	3	
203.5	1	
204.5	1	
205.5	1	
206.5	2	
207.5	2	
208.5	0	
209.5	2	
210.5	2	
211.5	2	
212.5	2	
213.5	4	
214.5	5	
215.5	0	
216.5	3	
217.5	2	
218.5	3	
219.5	1	
220.5	2	
221.5	0	
222.5	2	
223.5	0	
224.5	1	
225.5	2	
226.5	2	
227.5	1	
228.5	0	
229.5	3	
230.5	0	
231.5	4	
232.5	3	
233.5	0	
234.5	3	
235.5	2	
236.5	5	
237.5	3	
238.5	1	
239.5	3	
240.5	3	
241.5	2	
242.5	4	
243.5	1	
244.5	3	
245.5	1	
246.5	1	
247.5	2	
248.5	2	
249.5	4	
250.5	2	
251.5	2	
252.5	2	
253.5	2	
254.5	1	
255.5	0	
256.5	5	
257.5	1	
258.5	4	
259.5	4	
260.5	3	
261.5	3	
262.5	0	
263.5	0	
264.5	0	
265.5	3	
266.5	7	
267.5	1	
268.5	2	
269.5	3	
270.5	2	
271.5	4	
272.5	0	
273.5	3	
274.5	3	
275.5	3	
276.5	4	
277.5	5	
278.5	3	
279.5	1	
280.5	2	
281.5	5	
282.5	3	
283.5	3	
284.5	3	
285.5	1	
286.5	2	
287.5	3	
288.5	6	
289.5	3	
290.5	6	
291.5	3	
292.5	1	
293.5	1	
294.5	5	
295.5	4	
296.5	5	
297.5	4	
298.5	5	
299.5	5	
300.5	9	
301.5	7	
302.5	6	
303.5	3	
304.5	6	
305.5	1	
306.5	4	
307.5	4	
308.5	6	
309.5	11	
310.5	5	
311.5	5	
312.5	3	
313.5	2	
314.5	7	
315.5	9	
316.5	8	
317.5	1	
318.5	6	
319.5	5	
320.5	6	
321.5	4	
322.5	10	
323.5	13	
324.5	14	
325.5	14	
326.5	11	
327.5	6	
328.5	11	
329.5	16	
330.5	16	
331.5	19	
332.5	21	
333.5	18	
334.5	32	
335.5	31	
336.5	38	
337.5	31	
338.5	52	
339.5	46	
340.5	61	
341.5	81	
342.5	78	
343.5	104	
344.5	108	
345.5	137	
346.5	171	
347.5	168	
348.5	195	
349.5	225	
350.5	264	
351.5	322	
352.5	382	
353.5	437	
354.5	449	
355.5	501	
356.5	580	
357.5	649	
358.5	700	
359.5	789	
360.5	897	
361.5	885	
362.5	1033	
363.5	1058	
364.5	1202	
365.5	1218	
366.5	1305	
367.5	1436	
368.5	1409	
369.5	1630	
370.5	1602	
371.5	1668	
372.5	1851	
373.5	1903	
374.5	1951	
375.5	1920	
376.5	2005	
377.5	2126	
378.5	2033	
379.5	2139	
380.5	2178	
381.5	2098	
382.5	2040	
383.5	2124	
384.5	2088	
385.5	2018	
386.5	1946	
387.5	1856	
388.5	1923	
389.5	1855	
390.5	1721	
391.5	1672	
392.5	1613	
393.5	1505	
394.5	1427	
395.5	1413	
396.5	1278	
397.5	1194	
398.5	1099	
399.5	986	
400.5	954	
401.5	857	
402.5	781	
403.5	679	
404.5	612	
405.5	598	
406.5	530	
407.5	491	
408.5	417	
409.5	375	
410.5	323	
411.5	293	
412.5	232	
413.5	213	
414.5	205	
415.5	172	
416.5	171	
417.5	160	
418.5	142	
419.5	99	
420.5	98	
421.5	80	
422.5	84	
423.5	71	
424.5	72	
425.5	79	
426.5	74	
427.5	60	
428.5	69	
429.5	69	
430.5	68	
431.5	83	
432.5	78	
433.5	74	
434.5	60	
435.5	88	
436.5	76	
437.5	65	
438.5	72	
439.5	86	
440.5	71	
441.5	83	
442.5	87	
443.5	93	
444.5	78	
445.5	82	
446.5	104	
447.5	87	
448.5	85	
449.5	98	
450.5	90	
451.5	77	
452.5	99	
453.5	90	
454.5	88	
455.5	85	
456.5	99	
457.5	94	
458.5	106	
459.5	100	
460.5	102	
461.5	95	
462.5	100	
463.5	102	
464.5	90	
465.5	109	
466.5	90	
467.5	101	
468.5	104	
469.5	92	
470.5	102	
471.5	98	
472.5	98	
473.5	101	
474.5	98	
475.5	93	
476.5	121	
477.5	102	
478.5	128	
479.5	118	
480.5	110	
481.5	121	
482.5	106	
483.5	109	
484.5	105	
485.5	115	
486.5	112	
487.5	104	
488.5	108	
489.5	100	
490.5	112	
491.5	122	
492.5	118	
493.5	128	
494.5	109	
495.5	105	
496.5	127	
497.5	116	
498.5	116	
499.5	137	
500.5	129	
501.5	125	
502.5	111	
503.5	143	
504.5	120	
505.5	137	
506.5	98	
507.5	144	
508.5	119	
509.5	110	
510.5	130	
511.5	122	
512.5	118	
513.5	148	
514.5	119	
515.5	131	
516.5	136	
517.5	131	
518.5	119	
519.5	117	
520.5	129	
521.5	128	
522.5	141	
523.5	107	
524.5	127	
525.5	128	
526.5	114	
527.5	109	
528.5	127	
529.5	132	
530.5	143	
531.5	115	
532.5	137	
533.5	127	
534.5	122	
535.5	112	
536.5	111	
537.5	141	
538.5	138	
539.5	146	
540.5	130	
541.5	151	
542.5	111	
543.5	125	
544.5	113	
545.5	123	
546.5	146	
547.5	121	
548.5	113	
549.5	112	
550.5	131	
551.5	125	
552.5	109	
553.5	111	
554.5	112	
555.5	90	
556.5	109	
557.5	105	
558.5	96	
559.5	98	
560.5	97	
561.5	105	
562.5	97	
563.5	117	
564.5	114	
565.5	109	
566.5	94	
567.5	92	
568.5	86	
569.5	99	
570.5	68	
571.5	101	
572.5	76	
573.5	75	
574.5	79	
575.5	82	
576.5	88	
577.5	77	
578.5	78	
579.5	72	
580.5	79	
581.5	80	
582.5	69	
583.5	81	
584.5	75	
585.5	66	
586.5	73	
587.5	60	
588.5	77	
589.5	80	
590.5	63	
591.5	69	
592.5	62	
593.5	65	
594.5	56	
595.5	52	
596.5	60	
597.5	47	
598.5	46	
599.5	45	
600.5	43	
601.5	52	
602.5	53	
603.5	43	
604.5	37	
605.5	36	
606.5	41	
607.5	43	
608.5	45	
609.5	36	
610.5	35	
611.5	43	
612.5	46	
613.5	37	
614.5	39	
615.5	33	
616.5	43	
617.5	38	
618.5	32	
619.5	40	
620.5	40	
621.5	36	
622.5	20	
623.5	36	
624.5	45	
625.5	30	
626.5	27	
627.5	22	
628.5	30	
629.5	35	
630.5	29	
631.5	19	
632.5	33	
633.5	32	
634.5	39	
635.5	31	
636.5	36	
637.5	26	
638.5	25	
639.5	27	
640.5	28	
641.5	28	
642.5	24	
643.5	36	
644.5	23	
645.5	34	
646.5	31	
647.5	35	
648.5	24	
649.5	25	
650.5	32	
651.5	39	
652.5	31	
653.5	31	
654.5	29	
655.5	24	
656.5	38	
657.5	34	
658.5	28	
659.5	29	
660.5	30	
661.5	30	
662.5	34	
663.5	28	
664.5	30	
665.5	35	
666.5	33	
667.5	27	
668.5	33	
669.5	33	
670.5	29	
671.5	28	
672.5	31	
673.5	26	
674.5	35	
675.5	28	
676.5	40	
677.5	31	
678.5	35	
679.5	39	
680.5	17	
681.5	36	
682.5	51	
683.5	35	
684.5	36	
685.5	39	
686.5	43	
687.5	42	
688.5	44	
689.5	53	
690.5	40	
691.5	44	
692.5	49	
693.5	48	
694.5	54	
695.5	50	
696.5	67	
697.5	64	
698.5	62	
699.5	87	
700.5	60	
701.5	87	
702.5	90	
703.5	104	
704.5	106	
705.5	136	
706.5	123	
707.5	117	
708.5	144	
709.5	149	
710.5	145	
711.5	173	
712.5	202	
713.5	207	
714.5	200	
715.5	228	
716.5	244	
717.5	259	
718.5	259	
719.5	302	
720.5	350	
721.5	347	
722.5	373	
723.5	416	
724.5	395	
725.5	494	
726.5	482	
727.5	537	
728.5	595	
729.5	552	
730.5	589	
731.5	579	
732.5	682	
733.5	631	
734.5	673	
735.5	689	
736.5	695	
737.5	786	
738.5	832	
739.5	751	
740.5	848	
741.5	882	
742.5	896	
743.5	913	
744.5	1002	
745.5	997	
746.5	936	
747.5	971	
748.5	1060	
749.5	949	
750.5	1020	
751.5	1079	
752.5	1091	
753.5	1077	
754.5	1105	
755.5	1096	
756.5	1128	
757.5	1044	
758.5	1090	
759.5	1095	
760.5	1148	
761.5	1047	
762.5	1061	
763.5	1098	
764.5	1118	
765.5	1098	
766.5	1029	
767.5	1088	
768.5	1040	
769.5	997	
770.5	1063	
771.5	1009	
772.5	980	
773.5	917	
774.5	906	
775.5	947	
776.5	850	
777.5	882	
778.5	805	
779.5	841	
780.5	810	
781.5	738	
782.5	721	
783.5	720	
784.5	670	
785.5	620	
786.5	597	
787.5	631	
788.5	522	
789.5	509	
790.5	502	
791.5	502	
792.5	457	
793.5	436	
794.5	395	
795.5	415	
796.5	344	
797.5	343	
798.5	306	
799.5	291	
800.5	268	
801.5	260	
802.5	257	
803.5	249	
804.5	243	
805.5	256	
806.5	208	
807.5	177	
808.5	208	
809.5	158	
810.5	171	
811.5	152	
812.5	172	
813.5	160	
814.5	180	
815.5	144	
816.5	158	
817.5	134	
818.5	134	
819.5	142	
820.5	141	
821.5	158	
822.5	173	
823.5	145	
824.5	140	
825.5	154	
826.5	142	
827.5	147	
828.5	171	
829.5	145	
830.5	163	
831.5	160	
832.5	154	
833.5	183	
834.5	165	
835.5	158	
836.5	169	
837.5	162	
838.5	182	
839.5	172	
840.5	164	
841.5	169	
842.5	179	
843.5	174	
844.5	171	
845.5	180	
846.5	173	
847.5	212	
848.5	165	
849.5	185	
850.5	179	
851.5	158	
852.5	181	
853.5	186	
854.5	174	
855.5	184	
856.5	184	
857.5	202	
858.5	165	
859.5	198	
860.5	206	
861.5	196	
862.5	187	
863.5	216	
864.5	206	
865.5	185	
866.5	175	
867.5	212	
868.5	198	
869.5	220	
870.5	194	
871.5	181	
872.5	210	
873.5	214	
874.5	194	
875.5	217	
876.5	195	
877.5	212	
878.5	192	
879.5	209	
880.5	205	
881.5	194	
882.5	211	
883.5	201	
884.5	202	
885.5	210	
886.5	227	
887.5	202	
888.5	201	
889.5	226	
890.5	217	
891.5	221	
892.5	229	
893.5	229	
894.5	200	
895.5	194	
896.5	232	
897.5	201	
898.5	207	
899.5	227	
900.5	209	
901.5	195	
902.5	213	
903.5	183	
904.5	208	
905.5	189	
906.5	214	
907.5	230	
908.5	183	
909.5	217	
910.5	208	
911.5	214	
912.5	208	
913.5	193	
914.5	206	
915.5	191	
916.5	189	
917.5	225	
918.5	206	
919.5	188	
920.5	177	
921.5	214	
922.5	177	
923.5	178	
924.5	166	
925.5	187	
926.5	185	
927.5	170	
928.5	205	
929.5	186	
930.5	156	
931.5	164	
932.5	183	
933.5	172	
934.5	166	
935.5	154	
936.5	184	
937.5	168	
938.5	179	
939.5	151	
940.5	179	
941.5	163	
942.5	171	
943.5	147	
944.5	172	
945.5	150	
946.5	149	
947.5	164	
948.5	180	
949.5	181	
950.5	155	
951.5	169	
952.5	148	
953.5	127	
954.5	165	
955.5	157	
956.5	142	
957.5	148	
958.5	160	
959.5	170	
960.5	154	
961.5	127	
962.5	119	
963.5	119	
964.5	130	
965.5	127	
966.5	135	
967.5	137	
968.5	131	
969.5	128	
970.5	120	
971.5	122	
972.5	116	
973.5	110	
974.5	121	
975.5	134	
976.5	99	
977.5	124	
978.5	108	
979.5	113	
980.5	107	
981.5	96	
982.5	98	
983.5	93	
984.5	104	
985.5	84	
986.5	87	
987.5	92	
988.5	86	
989.5	103	
990.5	96	
991.5	101	
992.5	79	
993.5	93	
994.5	83	
995.5	81	
996.5	88	
997.5	70	
998.5	82	
999.5	85	
1000.5	73	
1001.5	86	
1002.5	73	
1003.5	71	
1004.5	72	
1005.5	74	
1006.5	73	
1007.5	82	
1008.5	64	
1009.5	32	
1010.5	78	
1011.5	72	
1012.5	74	
1013.5	70	
1014.5	66	
1015.5	70	
1016.5	71	
1017.5	75	
1018.5	52	
1019.5	50	
1020.5	61	
1021.5	62	
1022.5	64	
1023.5	72	
1024.5	67	
1025.5	64	
1026.5	78	
1027.5	55	
1028.5	59	
1029.5	66	
1030.5	51	
1031.5	57	
1032.5	64	
1033.5	77	
1034.5	61	
1035.5	49	
1036.5	67	
1037.5	78	
1038.5	73	
1039.5	61	
1040.5	60	
1041.5	64	
1042.5	61	
1043.5	66	
1044.5	66	
1045.5	84	
1046.5	71	
1047.5	71	
1048.5	90	
1049.5	72	
1050.5	79	
1051.5	76	
1052.5	91	
1053.5	66	
1054.5	76	
1055.5	91	
1056.5	82	
1057.5	62	
1058.5	99	
1059.5	73	
1060.5	86	
1061.5	84	
1062.5	93	
1063.5	107	
1064.5	85	
1065.5	94	
1066.5	113	
1067.5	112	
1068.5	110	
1069.5	109	
1070.5	111	
1071.5	118	
1072.5	144	
1073.5	124	
1074.5	136	
1075.5	129	
1076.5	173	
1077.5	155	
1078.5	157	
1079.5	169	
1080.5	184	
1081.5	179	
1082.5	194	
1083.5	174	
1084.5	185	
1085.5	231	
1086.5	245	
1087.5	236	
1088.5	251	
1089.5	234	
1090.5	212	
1091.5	270	
1092.5	263	
1093.5	250	
1094.5	267	
1095.5	310	
1096.5	276	
1097.5	308	
1098.5	316	
1099.5	341	
1100.5	361	
1101.5	358	
1102.5	330	
1103.5	341	
1104.5	359	
1105.5	367	
1106.5	384	
1107.5	401	
1108.5	385	
1109.5	384	
1110.5	414	
1111.5	400	
1112.5	404	
1113.5	416	
1114.5	434	
1115.5	429	
1116.5	440	
1117.5	403	
1118.5	453	
1119.5	475	
1120.5	439	
1121.5	476	
1122.5	439	
1123.5	455	
1124.5	498	
1125.5	464	
1126.5	487	
1127.5	455	
1128.5	485	
1129.5	517	
1130.5	463	
1131.5	499	
1132.5	499	
1133.5	452	
1134.5	484	
1135.5	493	
1136.5	509	
1137.5	459	
1138.5	506	
1139.5	493	
1140.5	462	
1141.5	467	
1142.5	519	
1143.5	475	
1144.5	525	
1145.5	474	
1146.5	469	
1147.5	491	
1148.5	501	
1149.5	492	
1150.5	457	
1151.5	479	
1152.5	475	
1153.5	463	
1154.5	435	
1155.5	467	
1156.5	464	
1157.5	460	
1158.5	488	
1159.5	406	
1160.5	447	
1161.5	424	
1162.5	437	
1163.5	409	
1164.5	397	
1165.5	411	
1166.5	371	
1167.5	375	
1168.5	394	
1169.5	362	
1170.5	357	
1171.5	364	
1172.5	326	
1173.5	365	
1174.5	305	
1175.5	284	
1176.5	318	
1177.5	289	
1178.5	269	
1179.5	283	
1180.5	298	
1181.5	271	
1182.5	272	
1183.5	263	
1184.5	244	
1185.5	237	
1186.5	253	
1187.5	240	
1188.5	207	
1189.5	220	
1190.5	211	
1191.5	241	
1192.5	185	
1193.5	175	
1194.5	198	
1195.5	180	
1196.5	175	
1197.5	151	
1198.5	163	
1199.5	199	
1200.5	163	
1201.5	171	
1202.5	140	
1203.5	160	
1204.5	157	
1205.5	145	
1206.5	156	
1207.5	158	
1208.5	156	
1209.5	154	
1210.5	145	
1211.5	152	
1212.5	169	
1213.5	169	
1214.5	165	
1215.5	171	
1216.5	166	
1217.5	165	
1218.5	150	
1219.5	153	
1220.5	163	
1221.5	178	
1222.5	168	
1223.5	172	
1224.5	151	
1225.5	139	
1226.5	155	
1227.5	154	
1228.5	153	
1229.5	165	
1230.5	159	
1231.5	179	
1232.5	158	
1233.5	172	
1234.5	193	
1235.5	167	
1236.5	183	
1237.5	177	
1238.5	187	
1239.5	183	
1240.5	184	
1241.5	200	
1242.5	182	
1243.5	180	
1244.5	203	
1245.5	181	
1246.5	182	
1247.5	178	
1248.5	181	
1249.5	187	
1250.5	181	
1251.5	217	
1252.5	182	
1253.5	184	
1254.5	193	
1255.5	193	
1256.5	191	
1257.5	182	
1258.5	184	
1259.5	173	
1260.5	180	
1261.5	167	
1262.5	190	
1263.5	180	
1264.5	191	
1265.5	179	
1266.5	190	
1267.5	190	
1268.5	201	
1269.5	166	
1270.5	180	
1271.5	188	
1272.5	176	
1273.5	180	
1274.5	187	
1275.5	176	
1276.5	225	
1277.5	190	
1278.5	176	
1279.5	156	
1280.5	176	
1281.5	193	
1282.5	167	
1283.5	177	
1284.5	179	
1285.5	190	
1286.5	178	
1287.5	163	
1288.5	189	
1289.5	183	
1290.5	165	
1291.5	170	
1292.5	152	
1293.5	165	
1294.5	154	
1295.5	191	
1296.5	158	
1297.5	162	
1298.5	170	
1299.5	157	
1300.5	155	
1301.5	150	
1302.5	165	
1303.5	167	
1304.5	151	
1305.5	153	
1306.5	160	
1307.5	148	
1308.5	146	
1309.5	152	
1310.5	153	
1311.5	150	
1312.5	154	
1313.5	177	
1314.5	152	
1315.5	139	
1316.5	149	
1317.5	153	
1318.5	145	
1319.5	132	
1320.5	143	
1321.5	158	
1322.5	120	
1323.5	163	
1324.5	152	
1325.5	135	
1326.5	134	
1327.5	137	
1328.5	165	
1329.5	145	
1330.5	142	
1331.5	121	
1332.5	129	
1333.5	139	
1334.5	133	
1335.5	124	
1336.5	144	
1337.5	141	
1338.5	114	
1339.5	130	
1340.5	128	
1341.5	111	
1342.5	144	
1343.5	132	
1344.5	126	
1345.5	137	
1346.5	117	
1347.5	128	
1348.5	138	
1349.5	115	
1350.5	117	
1351.5	114	
1352.5	108	
1353.5	130	
1354.5	110	
1355.5	128	
1356.5	118	
1357.5	98	
1358.5	110	
1359.5	120	
1360.5	111	
1361.5	135	
1362.5	107	
1363.5	117	
1364.5	100	
1365.5	118	
1366.5	100	
1367.5	128	
1368.5	98	
1369.5	121	
1370.5	112	
1371.5	112	
1372.5	97	
1373.5	108	
1374.5	93	
1375.5	88	
1376.5	113	
1377.5	88	
1378.5	107	
1379.5	93	
1380.5	79	
1381.5	92	
1382.5	87	
1383.5	84	
1384.5	94	
1385.5	82	
1386.5	108	
1387.5	76	
1388.5	81	
1389.5	89	
1390.5	68	
1391.5	89	
1392.5	87	
1393.5	80	
1394.5	90	
1395.5	81	
1396.5	76	
1397.5	78	
1398.5	84	
1399.5	88	
1400.5	80	
1401.5	84	
1402.5	83	
1403.5	79	
1404.5	78	
1405.5	90	
1406.5	76	
1407.5	90	
1408.5	86	
1409.5	85	
1410.5	95	
1411.5	72	
1412.5	74	
1413.5	76	
1414.5	67	
1415.5	84	
1416.5	85	
1417.5	76	
1418.5	88	
1419.5	84	
1420.5	93	
1421.5	100	
1422.5	94	
1423.5	75	
1424.5	101	
1425.5	98	
1426.5	85	
1427.5	78	
1428.5	92	
1429.5	88	
1430.5	82	
1431.5	93	
1432.5	101	
1433.5	108	
1434.5	114	
1435.5	100	
1436.5	106	
1437.5	121	
1438.5	107	
1439.5	123	
1440.5	119	
1441.5	109	
1442.5	127	
1443.5	114	
1444.5	120	
1445.5	116	
1446.5	131	
1447.5	144	
1448.5	108	
1449.5	153	
1450.5	138	
1451.5	150	
1452.5	127	
1453.5	128	
1454.5	150	
1455.5	129	
1456.5	127	
1457.5	146	
1458.5	151	
1459.5	153	
1460.5	130	
1461.5	150	
1462.5	145	
1463.5	147	
1464.5	145	
1465.5	166	
1466.5	158	
1467.5	152	
1468.5	190	
1469.5	169	
1470.5	167	
1471.5	177	
1472.5	157	
1473.5	181	
1474.5	169	
1475.5	176	
1476.5	177	
1477.5	178	
1478.5	183	
1479.5	189	
1480.5	175	
1481.5	197	
1482.5	183	
1483.5	199	
1484.5	211	
1485.5	196	
1486.5	206	
1487.5	193	
1488.5	184	
1489.5	188	
1490.5	206	
1491.5	200	
1492.5	229	
1493.5	200	
1494.5	182	
1495.5	222	
1496.5	191	
1497.5	205	
1498.5	220	
1499.5	215	
1500.5	203	
1501.5	202	
1502.5	213	
1503.5	207	
1504.5	196	
1505.5	223	
1506.5	199	
1507.5	228	
1508.5	208	
1509.5	223	
1510.5	227	
1511.5	189	
1512.5	219	
1513.5	231	
1514.5	225	
1515.5	188	
1516.5	196	
1517.5	211	
1518.5	205	
1519.5	215	
1520.5	225	
1521.5	217	
1522.5	212	
1523.5	199	
1524.5	223	
1525.5	218	
1526.5	214	
1527.5	222	
1528.5	225	
1529.5	220	
1530.5	214	
1531.5	199	
1532.5	230	
1533.5	223	
1534.5	206	
1535.5	175	
1536.5	190	
1537.5	238	
1538.5	227	
1539.5	180	
1540.5	210	
1541.5	195	
1542.5	192	
1543.5	192	
1544.5	212	
1545.5	189	
1546.5	208	
1547.5	175	
1548.5	168	
1549.5	196	
1550.5	183	
1551.5	170	
1552.5	170	
1553.5	168	
1554.5	168	
1555.5	220	
1556.5	167	
1557.5	164	
1558.5	162	
1559.5	161	
1560.5	174	
1561.5	185	
1562.5	171	
1563.5	175	
1564.5	156	
1565.5	165	
1566.5	154	
1567.5	140	
1568.5	155	
1569.5	167	
1570.5	107	
1571.5	153	
1572.5	143	
1573.5	152	
1574.5	121	
1575.5	150	
1576.5	137	
1577.5	144	
1578.5	141	
1579.5	149	
1580.5	133	
1581.5	138	
1582.5	139	
1583.5	141	
1584.5	139	
1585.5	115	
1586.5	125	
1587.5	116	
1588.5	138	
1589.5	126	
1590.5	122	
1591.5	119	
1592.5	115	
1593.5	131	
1594.5	113	
1595.5	119	
1596.5	129	
1597.5	123	
1598.5	121	
1599.5	126	
1600.5	105	
1601.5	127	
1602.5	114	
1603.5	130	
1604.5	109	
1605.5	120	
1606.5	127	
1607.5	109	
1608.5	119	
1609.5	115	
1610.5	139	
1611.5	115	
1612.5	125	
1613.5	102	
1614.5	104	
1615.5	145	
1616.5	128	
1617.5	102	
1618.5	101	
1619.5	133	
1620.5	109	
1621.5	128	
1622.5	115	
1623.5	116	
1624.5	110	
1625.5	105	
1626.5	119	
1627.5	109	
1628.5	125	
1629.5	119	
1630.5	118	
1631.5	117	
1632.5	133	
1633.5	108	
1634.5	144	
1635.5	119	
1636.5	125	
1637.5	131	
1638.5	114	
1639.5	112	
1640.5	119	
1641.5	124	
1642.5	110	
1643.5	112	
1644.5	114	
1645.5	131	
1646.5	121	
1647.5	112	
1648.5	116	
1649.5	121	
1650.5	121	
1651.5	133	
1652.5	114	
1653.5	104	
1654.5	118	
1655.5	98	
1656.5	118	
1657.5	102	
1658.5	107	
1659.5	106	
1660.5	123	
1661.5	120	
1662.5	101	
1663.5	124	
1664.5	118	
1665.5	132	
1666.5	100	
1667.5	96	
1668.5	125	
1669.5	121	
1670.5	107	
1671.5	104	
1672.5	102	
1673.5	108	
1674.5	113	
1675.5	89	
1676.5	122	
1677.5	95	
1678.5	107	
1679.5	122	
1680.5	106	
1681.5	104	
1682.5	113	
1683.5	102	
1684.5	112	
1685.5	127	
1686.5	108	
1687.5	128	
1688.5	114	
1689.5	102	
1690.5	113	
1691.5	104	
1692.5	94	
1693.5	124	
1694.5	116	
1695.5	106	
1696.5	104	
1697.5	97	
1698.5	96	
1699.5	98	
1700.5	83	
1701.5	79	
1702.5	98	
1703.5	91	
1704.5	92	
1705.5	101	
1706.5	110	
1707.5	94	
1708.5	105	
1709.5	82	
1710.5	87	
1711.5	86	
1712.5	104	
1713.5	91	
1714.5	72	
1715.5	86	
1716.5	88	
1717.5	89	
1718.5	78	
1719.5	72	
1720.5	94	
1721.5	88	
1722.5	95	
1723.5	77	
1724.5	99	
1725.5	91	
1726.5	87	
1727.5	68	
1728.5	90	
1729.5	86	
1730.5	82	
1731.5	68	
1732.5	94	
1733.5	84	
1734.5	81	
1735.5	96	
1736.5	97	
1737.5	85	
1738.5	86	
1739.5	93	
1740.5	82	
1741.5	69	
1742.5	83	
1743.5	88	
1744.5	82	
1745.5	86	
1746.5	83	
1747.5	72	
1748.5	72	
1749.5	58	
1750.5	76	
1751.5	84	
1752.5	79	
1753.5	90	
1754.5	89	
1755.5	63	
1756.5	71	
1757.5	72	
1758.5	60	
1759.5	72	
1760.5	77	
1761.5	62	
1762.5	64	
1763.5	64	
1764.5	71	
1765.5	57	
1766.5	66	
1767.5	85	
1768.5	74	
1769.5	75	
1770.5	69	
1771.5	53	
1772.5	62	
1773.5	63	
1774.5	69	
1775.5	67	
1776.5	55	
1777.5	65	
1778.5	59	
1779.5	57	
1780.5	80	
1781.5	74	
1782.5	54	
1783.5	75	
1784.5	71	
1785.5	55	
1786.5	63	
1787.5	64	
1788.5	72	
1789.5	59	
1790.5	61	
1791.5	61	
1792.5	67	
1793.5	79	
1794.5	63	
1795.5	76	
1796.5	70	
1797.5	69	
1798.5	73	
1799.5	72	
1800.5	78	
1801.5	64	
1802.5	74	
1803.5	65	
1804.5	65	
1805.5	85	
1806.5	79	
1807.5	92	
1808.5	67	
1809.5	83	
1810.5	88	
1811.5	84	
1812.5	82	
1813.5	74	
1814.5	77	
1815.5	79	
1816.5	71	
1817.5	75	
1818.5	73	
1819.5	76	
1820.5	67	
1821.5	80	
1822.5	75	
1823.5	87	
1824.5	87	
1825.5	86	
1826.5	86	
1827.5	94	
1828.5	72	
1829.5	88	
1830.5	102	
1831.5	76	
1832.5	79	
1833.5	90	
1834.5	77	
1835.5	104	
1836.5	89	
1837.5	79	
1838.5	89	
1839.5	94	
1840.5	89	
1841.5	78	
1842.5	93	
1843.5	78	
1844.5	83	
1845.5	108	
1846.5	91	
1847.5	99	
1848.5	87	
1849.5	98	
1850.5	75	
1851.5	70	
1852.5	89	
1853.5	88	
1854.5	102	
1855.5	103	
1856.5	98	
1857.5	86	
1858.5	93	
1859.5	93	
1860.5	90	
1861.5	106	
1862.5	85	
1863.5	79	
1864.5	90	
1865.5	104	
1866.5	84	
1867.5	97	
1868.5	112	
1869.5	89	
1870.5	82	
1871.5	109	
1872.5	91	
1873.5	102	
1874.5	109	
1875.5	87	
1876.5	86	
1877.5	95	
1878.5	91	
1879.5	100	
1880.5	112	
1881.5	97	
1882.5	88	
1883.5	84	
1884.5	99	
1885.5	106	
1886.5	91	
1887.5	103	
1888.5	101	
1889.5	87	
1890.5	77	
1891.5	114	
1892.5	91	
1893.5	87	
1894.5	99	
1895.5	94	
1896.5	81	
1897.5	75	
1898.5	100	
1899.5	83	
1900.5	91	
1901.5	102	
1902.5	104	
1903.5	85	
1904.5	108	
1905.5	100	
1906.5	95	
1907.5	113	
1908.5	109	
1909.5	90	
1910.5	81	
1911.5	101	
1912.5	111	
1913.5	100	
1914.5	98	
1915.5	89	
1916.5	106	
1917.5	91	
1918.5	95	
1919.5	95	
1920.5	95	
1921.5	96	
1922.5	77	
1923.5	85	
1924.5	88	
1925.5	93	
1926.5	93	
1927.5	90	
1928.5	100	
1929.5	100	
1930.5	93	
1931.5	92	
1932.5	90	
1933.5	87	
1934.5	77	
1935.5	79	
1936.5	93	
1937.5	87	
1938.5	98	
1939.5	72	
1940.5	78	
1941.5	81	
1942.5	80	
1943.5	79	
1944.5	97	
1945.5	79	
1946.5	99	
1947.5	92	
1948.5	85	
1949.5	68	
1950.5	77	
1951.5	82	
1952.5	76	
1953.5	80	
1954.5	86	
1955.5	77	
1956.5	71	
1957.5	70	
1958.5	71	
1959.5	66	
1960.5	68	
1961.5	59	
1962.5	90	
1963.5	74	
1964.5	76	
1965.5	63	
1966.5	75	
1967.5	62	
1968.5	90	
1969.5	65	
1970.5	70	
1971.5	78	
1972.5	90	
1973.5	77	
1974.5	67	
1975.5	67	
1976.5	71	
1977.5	70	
1978.5	58	
1979.5	63	
1980.5	71	
1981.5	74	
1982.5	70	
1983.5	60	
1984.5	58	
1985.5	80	
1986.5	73	
1987.5	63	
1988.5	59	
1989.5	70	
1990.5	71	
1991.5	60	
1992.5	73	
1993.5	57	
1994.5	55	
1995.5	74	
1996.5	66	
1997.5	57	
ADC Channel - Charge distribution	LED bias57.06V, G29dB,I2.5	
