ADC Channel - Charge distribution Sr90 CENTRATO	
532.5	0	
597.5	0	
662.5	1	
727.5	1	
792.5	4	
857.5	10	
922.5	30	
987.5	47	
1052.5	81	
1117.5	148	
1182.5	523	
1247.5	1162	
1312.5	891	
1377.5	1607	
1442.5	2126	
1507.5	1452	
1572.5	2683	
1637.5	2255	
1702.5	1911	
1767.5	3199	
1832.5	2048	
1897.5	2509	
1962.5	3134	
2027.5	2042	
2092.5	3020	
2157.5	2648	
2222.5	2223	
2287.5	3446	
2352.5	2463	
2417.5	2780	
2482.5	3368	
2547.5	2531	
2612.5	3274	
2677.5	3143	
2742.5	2570	
2807.5	3533	
2872.5	2856	
2937.5	2962	
3002.5	3735	
3067.5	2764	
3132.5	3481	
3197.5	3373	
3262.5	2903	
3327.5	3722	
3392.5	3208	
3457.5	3076	
3522.5	3770	
3587.5	3188	
3652.5	3595	
3717.5	3702	
3782.5	3212	
3847.5	3751	
3912.5	3591	
3977.5	3390	
4042.5	3947	
4107.5	3384	
4172.5	3604	
4237.5	3789	
4302.5	3298	
4367.5	3877	
4432.5	3841	
4497.5	3600	
4562.5	4021	
4627.5	3556	
4692.5	3779	
4757.5	3984	
4822.5	3564	
4887.5	4016	
4952.5	3975	
5017.5	3708	
5082.5	4042	
5147.5	3794	
5212.5	3874	
5277.5	4200	
5342.5	3912	
5407.5	4082	
5472.5	4080	
5537.5	3906	
5602.5	4190	
5667.5	3904	
5732.5	3893	
5797.5	4111	
5862.5	3968	
5927.5	4019	
5992.5	4096	
6057.5	3913	
6122.5	4177	
6187.5	4002	
6252.5	4012	
6317.5	4299	
6382.5	4022	
6447.5	4080	
6512.5	4064	
6577.5	3984	
6642.5	4245	
6707.5	4115	
6772.5	4170	
6837.5	4236	
6902.5	4000	
6967.5	4071	
7032.5	4184	
7097.5	4040	
7162.5	4108	
7227.5	4134	
7292.5	4064	
7357.5	4152	
7422.5	3981	
7487.5	4178	
7552.5	4099	
7617.5	4089	
7682.5	4171	
7747.5	4151	
7812.5	4081	
7877.5	4211	
7942.5	4077	
8007.5	3989	
8072.5	4004	
8137.5	4145	
8202.5	4004	
8267.5	4023	
8332.5	4119	
8397.5	3941	
8462.5	4045	
8527.5	4056	
8592.5	4205	
8657.5	4001	
8722.5	3932	
8787.5	4078	
8852.5	4071	
8917.5	4054	
8982.5	4012	
9047.5	3913	
9112.5	3947	
9177.5	4027	
9242.5	3986	
9307.5	3993	
9372.5	3929	
9437.5	3929	
9502.5	3947	
9567.5	4044	
9632.5	3944	
9697.5	3967	
9762.5	3952	
9827.5	4007	
9892.5	3902	
9957.5	3919	
10022.5	3826	
10087.5	3935	
10152.5	3832	
10217.5	3828	
10282.5	3838	
10347.5	3865	
10412.5	3976	
10477.5	3842	
10542.5	3691	
10607.5	3845	
10672.5	3719	
10737.5	3830	
10802.5	3737	
10867.5	3894	
10932.5	3808	
10997.5	3693	
11062.5	3733	
11127.5	3784	
11192.5	3797	
11257.5	3691	
11322.5	3882	
11387.5	3856	
11452.5	3881	
11517.5	3768	
11582.5	3681	
11647.5	3700	
11712.5	3652	
11777.5	3611	
11842.5	3669	
11907.5	3619	
11972.5	3735	
12037.5	3656	
12102.5	3691	
12167.5	3772	
12232.5	3593	
12297.5	3680	
12362.5	3587	
12427.5	3657	
12492.5	3688	
12557.5	3605	
12622.5	3754	
12687.5	3641	
12752.5	3655	
12817.5	3563	
12882.5	3556	
12947.5	3588	
13012.5	3488	
13077.5	3572	
13142.5	3646	
13207.5	3600	
13272.5	3583	
13337.5	3544	
13402.5	3670	
13467.5	3486	
13532.5	3663	
13597.5	3499	
13662.5	3637	
13727.5	3470	
13792.5	3456	
13857.5	3582	
13922.5	3551	
13987.5	3517	
14052.5	3571	
14117.5	3483	
14182.5	3520	
14247.5	3408	
14312.5	3540	
14377.5	3598	
14442.5	3635	
14507.5	3575	
14572.5	3485	
14637.5	3535	
14702.5	3488	
14767.5	3511	
14832.5	3519	
14897.5	3526	
14962.5	3548	
15027.5	3487	
15092.5	3470	
15157.5	3521	
15222.5	3649	
15287.5	3583	
15352.5	3606	
15417.5	3607	
15482.5	3564	
15547.5	3547	
15612.5	3623	
15677.5	3654	
15742.5	3493	
15807.5	3580	
15872.5	3487	
15937.5	3562	
16002.5	3460	
16067.5	3586	
16132.5	3485	
16197.5	3576	
16262.5	3461	
16327.5	3485	
16392.5	3495	
16457.5	3543	
16522.5	3527	
16587.5	3515	
16652.5	3478	
16717.5	3488	
16782.5	3480	
16847.5	3494	
16912.5	3569	
16977.5	3474	
17042.5	3570	
17107.5	3538	
17172.5	3528	
17237.5	3554	
17302.5	3432	
17367.5	3496	
17432.5	3531	
17497.5	3601	
17562.5	3475	
17627.5	3505	
17692.5	3420	
17757.5	3507	
17822.5	3397	
17887.5	3542	
17952.5	3463	
18017.5	3449	
18082.5	3567	
18147.5	3490	
18212.5	3451	
18277.5	3557	
18342.5	3525	
18407.5	3605	
18472.5	3478	
18537.5	3487	
18602.5	3521	
18667.5	3466	
18732.5	3493	
18797.5	3450	
18862.5	3498	
18927.5	3469	
18992.5	3472	
19057.5	3478	
19122.5	3428	
19187.5	3563	
19252.5	3550	
19317.5	3443	
19382.5	3433	
19447.5	3496	
19512.5	3461	
19577.5	3406	
19642.5	3485	
19707.5	3610	
19772.5	3509	
19837.5	3525	
19902.5	3473	
19967.5	3478	
20032.5	3560	
20097.5	3492	
20162.5	3434	
20227.5	3508	
20292.5	3482	
20357.5	3505	
20422.5	3514	
20487.5	3442	
20552.5	3387	
20617.5	3405	
20682.5	3486	
20747.5	3515	
20812.5	3422	
20877.5	3509	
20942.5	3431	
21007.5	3449	
21072.5	3479	
21137.5	3449	
21202.5	3436	
21267.5	3457	
21332.5	3566	
21397.5	3569	
21462.5	3464	
21527.5	3528	
21592.5	3515	
21657.5	3480	
21722.5	3441	
21787.5	3419	
21852.5	3512	
21917.5	3474	
21982.5	3400	
22047.5	3462	
22112.5	3514	
22177.5	3427	
22242.5	3464	
22307.5	3430	
22372.5	3357	
22437.5	3409	
22502.5	3517	
22567.5	3379	
22632.5	3403	
22697.5	3436	
22762.5	3382	
22827.5	3393	
22892.5	3413	
22957.5	3538	
23022.5	3458	
23087.5	3299	
23152.5	3422	
23217.5	3411	
23282.5	3434	
23347.5	3416	
23412.5	3408	
23477.5	3420	
23542.5	3395	
23607.5	3404	
23672.5	3397	
23737.5	3326	
23802.5	3394	
23867.5	3480	
23932.5	3381	
23997.5	3345	
24062.5	3314	
24127.5	3485	
24192.5	3346	
24257.5	3412	
24322.5	3287	
24387.5	3246	
24452.5	3352	
24517.5	3430	
24582.5	3433	
24647.5	3369	
24712.5	3513	
24777.5	3461	
24842.5	3303	
24907.5	3415	
24972.5	3458	
25037.5	3388	
25102.5	3396	
25167.5	3452	
25232.5	3391	
25297.5	3420	
25362.5	3315	
25427.5	3328	
25492.5	3401	
25557.5	3450	
25622.5	3423	
25687.5	3455	
25752.5	3303	
25817.5	3346	
25882.5	3418	
25947.5	3269	
26012.5	3309	
26077.5	3344	
26142.5	3394	
26207.5	3314	
26272.5	3328	
26337.5	3478	
26402.5	3321	
26467.5	3266	
26532.5	3462	
26597.5	3394	
26662.5	3289	
26727.5	3428	
26792.5	3458	
26857.5	3347	
26922.5	3340	
26987.5	3405	
27052.5	3276	
27117.5	3367	
27182.5	3351	
27247.5	3379	
27312.5	3400	
27377.5	3428	
27442.5	3390	
27507.5	3360	
27572.5	3349	
27637.5	3298	
27702.5	3350	
27767.5	3306	
27832.5	3380	
27897.5	3355	
27962.5	3228	
28027.5	3402	
28092.5	3355	
28157.5	3407	
28222.5	3335	
28287.5	3274	
28352.5	3299	
28417.5	3347	
28482.5	3307	
28547.5	3290	
28612.5	3213	
28677.5	3346	
28742.5	3347	
28807.5	3278	
28872.5	3369	
28937.5	3399	
29002.5	3324	
29067.5	3367	
29132.5	3385	
29197.5	3288	
29262.5	3237	
29327.5	3277	
29392.5	3304	
29457.5	3383	
29522.5	3286	
29587.5	3384	
29652.5	3341	
29717.5	3373	
29782.5	3367	
29847.5	3313	
29912.5	3305	
29977.5	3270	
30042.5	3343	
30107.5	3359	
30172.5	3324	
30237.5	3287	
30302.5	3328	
30367.5	3236	
30432.5	3342	
30497.5	3233	
30562.5	3405	
30627.5	3311	
30692.5	3308	
30757.5	3350	
30822.5	3461	
30887.5	3369	
30952.5	3256	
31017.5	3283	
31082.5	3336	
31147.5	3350	
31212.5	3251	
31277.5	3372	
31342.5	3347	
31407.5	3321	
31472.5	3308	
31537.5	3299	
31602.5	3369	
31667.5	3393	
31732.5	3297	
31797.5	3358	
31862.5	3351	
31927.5	3341	
31992.5	3409	
32057.5	3399	
32122.5	3385	
32187.5	3321	
32252.5	3227	
32317.5	3417	
32382.5	3371	
32447.5	3358	
32512.5	3332	
32577.5	3269	
32642.5	3471	
32707.5	3273	
32772.5	3326	
32837.5	3424	
32902.5	3335	
32967.5	3373	
33032.5	3316	
33097.5	3412	
33162.5	3359	
33227.5	3349	
33292.5	3393	
33357.5	3446	
33422.5	3257	
33487.5	3292	
33552.5	3253	
33617.5	3316	
33682.5	3341	
33747.5	3335	
33812.5	3416	
33877.5	3405	
33942.5	3349	
34007.5	3399	
34072.5	3501	
34137.5	3365	
34202.5	3349	
34267.5	3383	
34332.5	3372	
34397.5	3421	
34462.5	3330	
34527.5	3427	
34592.5	3419	
34657.5	3368	
34722.5	3310	
34787.5	3353	
34852.5	3306	
34917.5	3276	
34982.5	3387	
35047.5	3353	
35112.5	3346	
35177.5	3415	
35242.5	3373	
35307.5	3369	
35372.5	3426	
35437.5	3306	
35502.5	3407	
35567.5	3372	
35632.5	3434	
35697.5	3417	
35762.5	3415	
35827.5	3395	
35892.5	3355	
35957.5	3344	
36022.5	3337	
36087.5	3325	
36152.5	3334	
36217.5	3442	
36282.5	3361	
36347.5	3447	
36412.5	3359	
36477.5	3233	
36542.5	3348	
36607.5	3223	
36672.5	3271	
36737.5	3328	
36802.5	3391	
36867.5	3282	
36932.5	3344	
36997.5	3249	
37062.5	3428	
37127.5	3342	
37192.5	3181	
37257.5	3265	
37322.5	3197	
37387.5	3362	
37452.5	3287	
37517.5	3239	
37582.5	3189	
37647.5	3198	
37712.5	3180	
37777.5	3289	
37842.5	3154	
37907.5	3245	
37972.5	3152	
38037.5	3315	
38102.5	3194	
38167.5	3133	
38232.5	3211	
38297.5	3231	
38362.5	3147	
38427.5	3112	
38492.5	3134	
38557.5	3125	
38622.5	3125	
38687.5	3157	
38752.5	3028	
38817.5	3065	
38882.5	2986	
38947.5	3018	
39012.5	3050	
39077.5	3098	
39142.5	2965	
39207.5	3175	
39272.5	3121	
39337.5	2956	
39402.5	2937	
39467.5	2903	
39532.5	2994	
39597.5	3018	
39662.5	2916	
39727.5	2869	
39792.5	2949	
39857.5	2919	
39922.5	2878	
39987.5	2897	
40052.5	2799	
40117.5	2811	
40182.5	2847	
40247.5	2836	
40312.5	2807	
40377.5	2849	
40442.5	2699	
40507.5	2736	
40572.5	2678	
40637.5	2648	
40702.5	2730	
40767.5	2606	
40832.5	2602	
40897.5	2648	
40962.5	2722	
41027.5	2572	
41092.5	2633	
41157.5	2566	
41222.5	2433	
41287.5	2553	
41352.5	2483	
41417.5	2520	
41482.5	2530	
41547.5	2476	
41612.5	2423	
41677.5	2408	
41742.5	2441	
41807.5	2331	
41872.5	2336	
41937.5	2357	
42002.5	2188	
42067.5	2306	
42132.5	2281	
42197.5	2334	
42262.5	2186	
42327.5	2125	
42392.5	2076	
42457.5	2058	
42522.5	2078	
42587.5	2059	
42652.5	2069	
42717.5	2094	
42782.5	1957	
42847.5	2063	
42912.5	1933	
42977.5	1905	
43042.5	1972	
43107.5	1960	
43172.5	1864	
43237.5	1907	
43302.5	1922	
43367.5	1792	
43432.5	1817	
43497.5	1800	
43562.5	1747	
43627.5	1699	
43692.5	1720	
43757.5	1640	
43822.5	1645	
43887.5	1637	
43952.5	1624	
44017.5	1538	
44082.5	1535	
44147.5	1531	
44212.5	1472	
44277.5	1503	
44342.5	1485	
44407.5	1469	
44472.5	1451	
44537.5	1397	
44602.5	1372	
44667.5	1327	
44732.5	1338	
44797.5	1366	
44862.5	1344	
44927.5	1268	
44992.5	1240	
45057.5	1241	
45122.5	1264	
45187.5	1244	
45252.5	1231	
45317.5	1151	
45382.5	1140	
45447.5	1112	
45512.5	1068	
45577.5	1087	
45642.5	1060	
45707.5	1074	
45772.5	1019	
45837.5	980	
45902.5	989	
45967.5	938	
46032.5	930	
46097.5	894	
46162.5	917	
46227.5	866	
46292.5	853	
46357.5	868	
46422.5	825	
46487.5	818	
46552.5	757	
46617.5	796	
46682.5	778	
46747.5	739	
46812.5	709	
46877.5	719	
46942.5	703	
47007.5	690	
47072.5	629	
47137.5	659	
47202.5	648	
47267.5	610	
47332.5	581	
47397.5	593	
47462.5	560	
47527.5	573	
47592.5	536	
47657.5	566	
47722.5	496	
47787.5	503	
47852.5	447	
47917.5	462	
47982.5	434	
48047.5	467	
48112.5	448	
48177.5	446	
48242.5	463	
48307.5	455	
48372.5	426	
48437.5	400	
48502.5	347	
48567.5	365	
48632.5	341	
48697.5	345	
48762.5	353	
48827.5	315	
48892.5	319	
48957.5	330	
49022.5	302	
49087.5	264	
49152.5	307	
49217.5	262	
49282.5	292	
49347.5	259	
49412.5	246	
49477.5	233	
49542.5	223	
49607.5	233	
49672.5	245	
49737.5	232	
49802.5	237	
49867.5	165	
49932.5	196	
49997.5	209	
50062.5	213	
50127.5	179	
50192.5	208	
50257.5	195	
50322.5	140	
50387.5	156	
50452.5	173	
50517.5	176	
50582.5	152	
50647.5	140	
50712.5	125	
50777.5	121	
50842.5	94	
50907.5	121	
50972.5	123	
51037.5	110	
51102.5	103	
51167.5	93	
51232.5	74	
51297.5	103	
51362.5	106	
51427.5	83	
51492.5	80	
51557.5	82	
51622.5	65	
51687.5	72	
51752.5	71	
51817.5	63	
51882.5	62	
51947.5	52	
52012.5	59	
52077.5	54	
52142.5	54	
52207.5	63	
52272.5	60	
52337.5	46	
52402.5	47	
52467.5	46	
52532.5	45	
52597.5	38	
52662.5	40	
52727.5	40	
52792.5	37	
52857.5	46	
52922.5	35	
52987.5	30	
53052.5	30	
53117.5	40	
53182.5	21	
53247.5	19	
53312.5	22	
53377.5	17	
53442.5	19	
53507.5	18	
53572.5	25	
53637.5	18	
53702.5	23	
53767.5	17	
53832.5	21	
53897.5	24	
53962.5	13	
54027.5	15	
54092.5	7	
54157.5	13	
54222.5	11	
54287.5	15	
54352.5	10	
54417.5	10	
54482.5	10	
54547.5	5	
54612.5	6	
54677.5	6	
54742.5	6	
54807.5	7	
54872.5	4	
54937.5	8	
55002.5	12	
55067.5	7	
55132.5	3	
55197.5	4	
55262.5	3	
55327.5	6	
55392.5	5	
55457.5	4	
55522.5	8	
55587.5	3	
55652.5	6	
55717.5	3	
55782.5	2	
55847.5	7	
55912.5	4	
55977.5	2	
56042.5	2	
56107.5	2	
56172.5	3	
56237.5	1	
56302.5	3	
56367.5	0	
56432.5	0	
56497.5	2	
56562.5	1	
56627.5	2	
56692.5	1	
56757.5	1	
56822.5	3	
56887.5	2	
56952.5	2	
57017.5	1	
57082.5	1	
57147.5	0	
57212.5	0	
57277.5	0	
57342.5	0	
57407.5	2	
57472.5	0	
57537.5	0	
57602.5	3	
57667.5	2	
57732.5	0	
57797.5	0	
57862.5	1	
57927.5	2	
57992.5	3	
58057.5	0	
58122.5	1	
58187.5	1	
58252.5	1	
58317.5	0	
58382.5	1	
58447.5	0	
58512.5	0	
58577.5	0	
58642.5	0	
58707.5	1	
58772.5	0	
58837.5	0	
58902.5	0	
58967.5	0	
59032.5	1	
59097.5	0	
59162.5	1	
59227.5	0	
59292.5	1	
59357.5	0	
59422.5	2	
59487.5	1	
59552.5	0	
59617.5	0	
59682.5	1	
59747.5	0	
59812.5	3	
59877.5	0	
59942.5	3	
60007.5	0	
60072.5	0	
60137.5	1	
60202.5	0	
60267.5	0	
60332.5	0	
60397.5	1	
60462.5	0	
60527.5	0	
60592.5	1	
60657.5	1	
60722.5	0	
60787.5	0	
60852.5	0	
60917.5	0	
60982.5	0	
61047.5	1	
61112.5	0	
61177.5	0	
61242.5	0	
61307.5	0	
61372.5	1	
61437.5	2	
61502.5	0	
61567.5	0	
61632.5	0	
61697.5	0	
61762.5	0	
61827.5	0	
61892.5	0	
61957.5	0	
62022.5	0	
62087.5	0	
62152.5	0	
62217.5	1	
62282.5	1	
62347.5	0	
62412.5	0	
62477.5	0	
62542.5	0	
62607.5	0	
62672.5	0	
62737.5	0	
62802.5	1	
62867.5	0	
62932.5	0	
62997.5	0	
63062.5	0	
63127.5	0	
63192.5	0	
63257.5	0	
63322.5	1	
63387.5	0	
63452.5	1	
63517.5	0	
63582.5	0	
63647.5	0	
63712.5	0	
63777.5	0	
63842.5	0	
63907.5	0	
63972.5	0	
64037.5	0	
64102.5	0	
64167.5	0	
64232.5	0	
64297.5	0	
64362.5	0	
64427.5	0	
64492.5	0	
64557.5	0	
64622.5	0	
64687.5	0	
64752.5	0	
64817.5	0	
64882.5	0	
64947.5	0	
65012.5	0	
65077.5	0	
65142.5	1	
65207.5	0	
65272.5	0	
65337.5	0	
65402.5	1	
65467.5	0	
65532.5	0	
65597.5	0	
65662.5	0	
65727.5	0	
65792.5	0	
65857.5	0	
65922.5	0	
65987.5	0	
66052.5	0	
66117.5	0	
66182.5	0	
66247.5	0	
66312.5	0	
66377.5	0	
66442.5	0	
66507.5	0	
66572.5	0	
66637.5	0	
66702.5	0	
66767.5	0	
66832.5	0	
66897.5	0	
66962.5	0	
67027.5	0	
