1250	2	
1750	0	
2250	4	
2750	1	
3250	3	
3750	1	
4250	0	
4750	1	
5250	1	
5750	0	
6250	0	
6750	2	
7250	1	
7750	5	
8250	0	
8750	2	
9250	0	
9750	0	
10250	2	
10750	0	
11250	0	
11750	1	
12250	2	
12750	1	
13250	1	
13750	1	
14250	0	
14750	2	
15250	2	
15750	2	
16250	1	
16750	4	
17250	0	
17750	3	
18250	0	
18750	0	
19250	3	
19750	2	
20250	1	
20750	1	
21250	3	
21750	2	
22250	1	
22750	2	
23250	1	
23750	2	
24250	4	
24750	3	
25250	4	
25750	4	
26250	5	
26750	3	
27250	5	
27750	7	
28250	3	
28750	5	
29250	4	
29750	4	
30250	9	
30750	5	
31250	5	
31750	7	
32250	2	
32750	4	
33250	2	
33750	9	
34250	4	
34750	2	
35250	3	
35750	4	
36250	3	
36750	4	
37250	5	
37750	6	
38250	5	
38750	2	
39250	4	
39750	4	
40250	2	
40750	4	
41250	11	
41750	2	
42250	3	
42750	2	
43250	4	
43750	4	
44250	5	
44750	5	
45250	4	
45750	5	
46250	3	
46750	6	
47250	1	
47750	4	
48250	0	
48750	3	
49250	2	
49750	5	
50250	5	
50750	0	
51250	2	
51750	2	
52250	3	
52750	2	
53250	3	
53750	1	
54250	2	
54750	2	
55250	1	
55750	0	
56250	0	
56750	0	
57250	1	
57750	1	
58250	1	
58750	0	
59250	0	
59750	2	
60250	2	
60750	3	
61250	0	
61750	1	
62250	1	
62750	0