532.5	0	
597.5	0	
662.5	0	
727.5	3	
792.5	7	
857.5	9	
922.5	56	
987.5	86	
1052.5	127	
1117.5	285	
1182.5	779	
1247.5	2075	
1312.5	1644	
1377.5	3061	
1442.5	4355	
1507.5	2804	
1572.5	5132	
1637.5	4700	
1702.5	3660	
1767.5	6150	
1832.5	4099	
1897.5	4659	
1962.5	6067	
2027.5	3835	
2092.5	5613	
2157.5	5332	
2222.5	4102	
2287.5	6207	
2352.5	4740	
2417.5	4922	
2482.5	6221	
2547.5	4341	
2612.5	5690	
2677.5	5865	
2742.5	4615	
2807.5	6135	
2872.5	5081	
2937.5	4902	
3002.5	6275	
3067.5	4747	
3132.5	5528	
3197.5	6021	
3262.5	4728	
3327.5	6155	
3392.5	5537	
3457.5	5023	
3522.5	6306	
3587.5	5286	
3652.5	5510	
3717.5	6164	
3782.5	5035	
3847.5	5967	
3912.5	5837	
3977.5	5115	
4042.5	6245	
4107.5	5430	
4172.5	5535	
4237.5	6102	
4302.5	5342	
4367.5	5766	
4432.5	5821	
4497.5	5370	
4562.5	5836	
4627.5	5452	
4692.5	5314	
4757.5	5884	
4822.5	5413	
4887.5	5536	
4952.5	5870	
5017.5	5268	
5082.5	5657	
5147.5	5552	
5212.5	5283	
5277.5	5731	
5342.5	5387	
5407.5	5585	
5472.5	5563	
5537.5	5211	
5602.5	5609	
5667.5	5498	
5732.5	5380	
5797.5	5630	
5862.5	5265	
5927.5	5170	
5992.5	5349	
6057.5	5094	
6122.5	5341	
6187.5	5285	
6252.5	5082	
6317.5	5362	
6382.5	5206	
6447.5	5101	
6512.5	5065	
6577.5	4894	
6642.5	5027	
6707.5	4988	
6772.5	4894	
6837.5	4984	
6902.5	4913	
6967.5	4825	
7032.5	4731	
7097.5	4634	
7162.5	4780	
7227.5	4715	
7292.5	4534	
7357.5	4624	
7422.5	4593	
7487.5	4478	
7552.5	4520	
7617.5	4432	
7682.5	4395	
7747.5	4394	
7812.5	4219	
7877.5	4299	
7942.5	4181	
8007.5	4076	
8072.5	4070	
8137.5	4034	
8202.5	4179	
8267.5	4087	
8332.5	3909	
8397.5	4000	
8462.5	3830	
8527.5	3825	
8592.5	3695	
8657.5	3682	
8722.5	3733	
8787.5	3540	
8852.5	3623	
8917.5	3541	
8982.5	3470	
9047.5	3534	
9112.5	3336	
9177.5	3393	
9242.5	3337	
9307.5	3273	
9372.5	3201	
9437.5	3203	
9502.5	3152	
9567.5	3155	
9632.5	3124	
9697.5	2948	
9762.5	3013	
9827.5	2861	
9892.5	2963	
9957.5	2898	
10022.5	2857	
10087.5	2852	
10152.5	2816	
10217.5	2718	
10282.5	2668	
10347.5	2680	
10412.5	2651	
10477.5	2641	
10542.5	2593	
10607.5	2530	
10672.5	2515	
10737.5	2399	
10802.5	2417	
10867.5	2288	
10932.5	2362	
10997.5	2237	
11062.5	2343	
11127.5	2256	
11192.5	2170	
11257.5	2074	
11322.5	2112	
11387.5	2064	
11452.5	2045	
11517.5	2016	
11582.5	2031	
11647.5	1928	
11712.5	1888	
11777.5	1913	
11842.5	1910	
11907.5	1945	
11972.5	1840	
12037.5	1877	
12102.5	1822	
12167.5	1798	
12232.5	1849	
12297.5	1718	
12362.5	1742	
12427.5	1642	
12492.5	1686	
12557.5	1587	
12622.5	1601	
12687.5	1629	
12752.5	1547	
12817.5	1457	
12882.5	1498	
12947.5	1500	
13012.5	1489	
13077.5	1417	
13142.5	1395	
13207.5	1410	
13272.5	1395	
13337.5	1294	
13402.5	1314	
13467.5	1352	
13532.5	1244	
13597.5	1272	
13662.5	1264	
13727.5	1261	
13792.5	1237	
13857.5	1236	
13922.5	1204	
13987.5	1175	
14052.5	1213	
14117.5	1149	
14182.5	1159	
14247.5	1061	
14312.5	1154	
14377.5	1130	
14442.5	1118	
14507.5	1102	
14572.5	1061	
14637.5	1042	
14702.5	1106	
14767.5	994	
14832.5	1068	
14897.5	1045	
14962.5	1009	
15027.5	1027	
15092.5	1011	
15157.5	1018	
15222.5	1016	
15287.5	969	
15352.5	1012	
15417.5	967	
15482.5	922	
15547.5	972	
15612.5	979	
15677.5	1001	
15742.5	995	
15807.5	963	
15872.5	979	
15937.5	935	
16002.5	911	
16067.5	908	
16132.5	995	
16197.5	950	
16262.5	930	
16327.5	907	
16392.5	991	
16457.5	916	
16522.5	949	
16587.5	997	
16652.5	859	
16717.5	945	
16782.5	885	
16847.5	964	
16912.5	924	
16977.5	937	
17042.5	918	
17107.5	907	
17172.5	911	
17237.5	964	
17302.5	940	
17367.5	943	
17432.5	914	
17497.5	958	
17562.5	920	
17627.5	964	
17692.5	923	
17757.5	996	
17822.5	951	
17887.5	930	
17952.5	968	
18017.5	898	
18082.5	975	
18147.5	928	
18212.5	951	
18277.5	976	
18342.5	900	
18407.5	937	
18472.5	942	
18537.5	953	
18602.5	971	
18667.5	1014	
18732.5	934	
18797.5	931	
18862.5	977	
18927.5	901	
18992.5	990	
19057.5	972	
19122.5	964	
19187.5	932	
19252.5	1020	
19317.5	963	
19382.5	925	
19447.5	937	
19512.5	900	
19577.5	956	
19642.5	919	
19707.5	947	
19772.5	943	
19837.5	929	
19902.5	962	
19967.5	919	
20032.5	919	
20097.5	837	
20162.5	928	
20227.5	861	
20292.5	870	
20357.5	850	
20422.5	869	
20487.5	846	
20552.5	800	
20617.5	850	
20682.5	837	
20747.5	848	
20812.5	829	
20877.5	793	
20942.5	758	
21007.5	797	
21072.5	712	
21137.5	735	
21202.5	793	
21267.5	779	
21332.5	724	
21397.5	623	
21462.5	708	
21527.5	653	
21592.5	631	
21657.5	669	
21722.5	626	
21787.5	615	
21852.5	603	
21917.5	597	
21982.5	556	
22047.5	563	
22112.5	593	
22177.5	524	
22242.5	561	
22307.5	513	
22372.5	488	
22437.5	493	
22502.5	457	
22567.5	438	
22632.5	466	
22697.5	415	
22762.5	450	
22827.5	409	
22892.5	426	
22957.5	412	
23022.5	356	
23087.5	390	
23152.5	340	
23217.5	356	
23282.5	327	
23347.5	325	
23412.5	291	
23477.5	288	
23542.5	255	
23607.5	274	
23672.5	287	
23737.5	251	
23802.5	239	
23867.5	201	
23932.5	243	
23997.5	220	
24062.5	201	
24127.5	195	
24192.5	178	
24257.5	173	
24322.5	179	
24387.5	163	
24452.5	165	
24517.5	147	
24582.5	132	
24647.5	127	
24712.5	132	
24777.5	113	
24842.5	115	
24907.5	121	
24972.5	114	
25037.5	106	
25102.5	102	
25167.5	107	
25232.5	99	
25297.5	80	
25362.5	76	
25427.5	65	
25492.5	75	
25557.5	63	
25622.5	50	
25687.5	64	
25752.5	60	
25817.5	53	
25882.5	54	
25947.5	52	
26012.5	48	
26077.5	36	
26142.5	57	
26207.5	39	
26272.5	38	
26337.5	34	
26402.5	41	
26467.5	38	
26532.5	30	
26597.5	26	
26662.5	22	
26727.5	22	
26792.5	36	
26857.5	28	
26922.5	17	
26987.5	15	
27052.5	23	
27117.5	18	
27182.5	20	
27247.5	29	
27312.5	18	
27377.5	13	
27442.5	25	
27507.5	14	
27572.5	17	
27637.5	23	
27702.5	13	
27767.5	17	
27832.5	12	
27897.5	12	
27962.5	12	
28027.5	11	
28092.5	12	
28157.5	16	
28222.5	14	
28287.5	11	
28352.5	13	
28417.5	16	
28482.5	6	
28547.5	12	
28612.5	9	
28677.5	11	
28742.5	9	
28807.5	10	
28872.5	4	
28937.5	9	
29002.5	9	
29067.5	12	
29132.5	7	
29197.5	8	
29262.5	14	
29327.5	4	
29392.5	5	
29457.5	7	
29522.5	8	
29587.5	4	
29652.5	9	
29717.5	6	
29782.5	5	
29847.5	3	
29912.5	6	
29977.5	4	
30042.5	7	
30107.5	6	
30172.5	2	
30237.5	9	
30302.5	6	
30367.5	7	
30432.5	6	
30497.5	9	
30562.5	5	
30627.5	2	
30692.5	6	
30757.5	6	
30822.5	5	
30887.5	3	
30952.5	10	
31017.5	2	
31082.5	3	
31147.5	7	
31212.5	6	
31277.5	2	
31342.5	5	
31407.5	2	
31472.5	3	
31537.5	4	
31602.5	5	
31667.5	5	
31732.5	2	
31797.5	5	
31862.5	4	
31927.5	6	
31992.5	1	
32057.5	2	
32122.5	3	
32187.5	6	
32252.5	0	
32317.5	6	
32382.5	3	
32447.5	4	
32512.5	3	
32577.5	3	
32642.5	0	
32707.5	5	
32772.5	3	
32837.5	3	
32902.5	3	
32967.5	3	
33032.5	0	
33097.5	4	
33162.5	1	
33227.5	2	
33292.5	0	
33357.5	4	
33422.5	2	
33487.5	0	
33552.5	3	
33617.5	2	
33682.5	0	
33747.5	1	
33812.5	0	
33877.5	0	
33942.5	0	
34007.5	0	
34072.5	1	
34137.5	1	
34202.5	1	
34267.5	1	
34332.5	1	
34397.5	0	
34462.5	0	
34527.5	1	
34592.5	4	
34657.5	1	
34722.5	0	
34787.5	0	
34852.5	1	
34917.5	2	
34982.5	0	
35047.5	1	
35112.5	0	
35177.5	0	
35242.5	2	
35307.5	0	
35372.5	0	
35437.5	1	
35502.5	0	
35567.5	1	
35632.5	0	
35697.5	0	
35762.5	0	
35827.5	0	
35892.5	0	
35957.5	2	
36022.5	0	
36087.5	1	
36152.5	0	
36217.5	0	
36282.5	0	
36347.5	0	
36412.5	1	
36477.5	0	
36542.5	1	
36607.5	1	
36672.5	0	
36737.5	0	
36802.5	1	
36867.5	0	
36932.5	0	
36997.5	0	
37062.5	1	
37127.5	0	
37192.5	0	
37257.5	0	
37322.5	0	
37387.5	1	
37452.5	0	
37517.5	0	
37582.5	0	
37647.5	0	
37712.5	0	
37777.5	0	
37842.5	0	
37907.5	1	
37972.5	0	
38037.5	0	
38102.5	0	
38167.5	0	
38232.5	1	
38297.5	1	
38362.5	1	
38427.5	0	
38492.5	0	
38557.5	1	
38622.5	0	
38687.5	0	
38752.5	0	
38817.5	0	
38882.5	0	
38947.5	0	
39012.5	0	
39077.5	0	
39142.5	0	
39207.5	1	
39272.5	0	
39337.5	1	
39402.5	0	
39467.5	0	
39532.5	0	
39597.5	0	
39662.5	0	
39727.5	0	
39792.5	1	
39857.5	0	
39922.5	0	
39987.5	0	
40052.5	0	
40117.5	0	
40182.5	0	
40247.5	0	
40312.5	0	
40377.5	0	
40442.5	0	
40507.5	0	
40572.5	0	
40637.5	0	
40702.5	0	
40767.5	0	
40832.5	0	
40897.5	0	
40962.5	0	
41027.5	0	
41092.5	0	
41157.5	0	
41222.5	0	
41287.5	0	
41352.5	0	
41417.5	0	
41482.5	0	
41547.5	1	
41612.5	0	
41677.5	0	
41742.5	0	
41807.5	0	
41872.5	0	
41937.5	0	
42002.5	0	
42067.5	0	
42132.5	0	
42197.5	1	
42262.5	0	
42327.5	0	
42392.5	0	
42457.5	1	
42522.5	0	
42587.5	0	
42652.5	0	
42717.5	0	
42782.5	0	
42847.5	0	
42912.5	0	
42977.5	0	
43042.5	0	
43107.5	0	
43172.5	0	
43237.5	0	
43302.5	0	
43367.5	1	
43432.5	0	
43497.5	0	
43562.5	1	
43627.5	0	
43692.5	0	
43757.5	1	
43822.5	0	
43887.5	0	
43952.5	0	
44017.5	0	
44082.5	0	
44147.5	0	
44212.5	0	
44277.5	0	
44342.5	0	
44407.5	0	
44472.5	0	
44537.5	1	
44602.5	0	
44667.5	0	
44732.5	0	
44797.5	0	
44862.5	0	
44927.5	0	
44992.5	0	
45057.5	0	
45122.5	0	
45187.5	0	
45252.5	0	
45317.5	0	
45382.5	0	
45447.5	0	
45512.5	0	
45577.5	0	
45642.5	0	
45707.5	0	
45772.5	0	
45837.5	0	
45902.5	0	
45967.5	0	
46032.5	0	
46097.5	0	
46162.5	0	
46227.5	0	
46292.5	0	
46357.5	0	
46422.5	0	
46487.5	0	
46552.5	0	
46617.5	0	
46682.5	0	
46747.5	0	
46812.5	0	
46877.5	0	
46942.5	0	
47007.5	0	
47072.5	0	
47137.5	0	
47202.5	0	
47267.5	0	
47332.5	0	
47397.5	0	
47462.5	0	
47527.5	0	
47592.5	0	
47657.5	0	
47722.5	0	
47787.5	0	
47852.5	0	
47917.5	0	
47982.5	0	
48047.5	0	
48112.5	0	
48177.5	0	
48242.5	1	
48307.5	0	
48372.5	0	
48437.5	0	
48502.5	0	
48567.5	0	
48632.5	0	
48697.5	0	
48762.5	0	
48827.5	0	
48892.5	0	
48957.5	0	
49022.5	0	
49087.5	0	
49152.5	0	
49217.5	0	
49282.5	0	
49347.5	0	
49412.5	0	
49477.5	1	
49542.5	0	
49607.5	0	
49672.5	0	
49737.5	0	
49802.5	0	
49867.5	1	
49932.5	0	
49997.5	0	
50062.5	0	
50127.5	0	
50192.5	0	
50257.5	0	
50322.5	0	
50387.5	0	
50452.5	0	
50517.5	0	
50582.5	0	
50647.5	0	
50712.5	0	
50777.5	0	
50842.5	0	
50907.5	0	
50972.5	0	
51037.5	0	
51102.5	0	
51167.5	0	
51232.5	0	
51297.5	0	
51362.5	0	
51427.5	0	
51492.5	0	
51557.5	0	
51622.5	0	
51687.5	0	
51752.5	0	
51817.5	0	
51882.5	0	
51947.5	0	
52012.5	0	
52077.5	0	
52142.5	0	
52207.5	0	
52272.5	1	
52337.5	0	
52402.5	0	
52467.5	0	
52532.5	0	
52597.5	0	
52662.5	0	
52727.5	0	
52792.5	0	
52857.5	0	
52922.5	0	
52987.5	0	
53052.5	0	
53117.5	0	
53182.5	0	
53247.5	0	
53312.5	0	
53377.5	0	
53442.5	0	
53507.5	0	
53572.5	0	
53637.5	0	
53702.5	0	
53767.5	0	
53832.5	0	
53897.5	0	
53962.5	0	
54027.5	0	
54092.5	0	
54157.5	0	
54222.5	0	
54287.5	0	
54352.5	0	
54417.5	0	
54482.5	0	
54547.5	0	
54612.5	0	
54677.5	0	
54742.5	0	
54807.5	0	
54872.5	0	
54937.5	0	
55002.5	0	
55067.5	0	
55132.5	0	
55197.5	0	
55262.5	0	
55327.5	0	
55392.5	0	
55457.5	0	
55522.5	0	
55587.5	0	
55652.5	0	
55717.5	0	
55782.5	0	
55847.5	0	
55912.5	0	
55977.5	0	
56042.5	0	
56107.5	0	
56172.5	0	
56237.5	0	
56302.5	0	
56367.5	0	
56432.5	0	
56497.5	0	
56562.5	0	
56627.5	0	
56692.5	0	
56757.5	0	
56822.5	0	
56887.5	0	
56952.5	0	
57017.5	0	
57082.5	0	
57147.5	0	
57212.5	0	
57277.5	0	
57342.5	0	
57407.5	0	
57472.5	0	
57537.5	0	
57602.5	0	
57667.5	0	
57732.5	0	
57797.5	0	
57862.5	0	
57927.5	0	
57992.5	0	
58057.5	0	
58122.5	0	
58187.5	0	
58252.5	0	
58317.5	0	
58382.5	0	
58447.5	0	
58512.5	0	
58577.5	0	
58642.5	0	
58707.5	0	
58772.5	0	
58837.5	0	
58902.5	0	
58967.5	0	
59032.5	0	
59097.5	0	
59162.5	0	
59227.5	0	
59292.5	0	
59357.5	0	
59422.5	0	
59487.5	0	
59552.5	0	
59617.5	0	
59682.5	0	
59747.5	0	
59812.5	0	
59877.5	0	
59942.5	0	
60007.5	0	
60072.5	0	
60137.5	0	
60202.5	0	
60267.5	0	
60332.5	0	
60397.5	0	
60462.5	0	
60527.5	0	
60592.5	0	
60657.5	0	
60722.5	0	
60787.5	0	
60852.5	0	
60917.5	1	
60982.5	0	
61047.5	0	
61112.5	0	
61177.5	0	
61242.5	0	
61307.5	0	
61372.5	0	
61437.5	0	
61502.5	0	
61567.5	0	
61632.5	0	
61697.5	0	
61762.5	0	
61827.5	0	
61892.5	0	
61957.5	0	
62022.5	0	
62087.5	0	
62152.5	0	
62217.5	0	
62282.5	0	
62347.5	0	
62412.5	0	
62477.5	0	
62542.5	0	
62607.5	0	
62672.5	0	
62737.5	0	
62802.5	0	
62867.5	0	
62932.5	0	
62997.5	0	
63062.5	0	
63127.5	0	
63192.5	0	
63257.5	0	
63322.5	0	
63387.5	0	
63452.5	0	
63517.5	0	
63582.5	0	
63647.5	0	
63712.5	0	
63777.5	0	
63842.5	0	
63907.5	0	
63972.5	0	
64037.5	0	
64102.5	0	
64167.5	0	
64232.5	0	
64297.5	0	
64362.5	0	
64427.5	0	
64492.5	0	
64557.5	0	
64622.5	0	
64687.5	0	
64752.5	1	
64817.5	0	
64882.5	0	
64947.5	0	
65012.5	0	
65077.5	0	
65142.5	0	
65207.5	0	
65272.5	0	
65337.5	0	
65402.5	0	
65467.5	0	
65532.5	0	
65597.5	0	
65662.5	0	
65727.5	0	
65792.5	0	
65857.5	0	
65922.5	0	
65987.5	0	
66052.5	0	
66117.5	0	
66182.5	0	
66247.5	0	
66312.5	0	
66377.5	0	
66442.5	0	
66507.5	0	
66572.5	0	
66637.5	0	
66702.5	0	
66767.5	0	
66832.5	0	
66897.5	0	
66962.5	0	
67027.5	0
ADC Channel - Charge distribution	Cs137 spectrum total
