ADC Channel - Charge distribution	Sr90 decentrato	
532.5	0	
597.5	0	
662.5	1	
727.5	3	
792.5	7	
857.5	13	
922.5	70	
987.5	119	
1052.5	186	
1117.5	343	
1182.5	1004	
1247.5	2677	
1312.5	2293	
1377.5	4045	
1442.5	5806	
1507.5	3803	
1572.5	6892	
1637.5	6411	
1702.5	4714	
1767.5	8558	
1832.5	5744	
1897.5	6319	
1962.5	8659	
2027.5	5447	
2092.5	7856	
2157.5	7747	
2222.5	5738	
2287.5	8868	
2352.5	7049	
2417.5	6723	
2482.5	8864	
2547.5	6392	
2612.5	7883	
2677.5	8425	
2742.5	6248	
2807.5	8702	
2872.5	7653	
2937.5	6783	
3002.5	9037	
3067.5	7191	
3132.5	7849	
3197.5	8613	
3262.5	6919	
3327.5	8317	
3392.5	7961	
3457.5	6936	
3522.5	8831	
3587.5	7328	
3652.5	7594	
3717.5	8423	
3782.5	6999	
3847.5	7947	
3912.5	8210	
3977.5	7020	
4042.5	8608	
4107.5	7733	
4172.5	7290	
4237.5	8329	
4302.5	7224	
4367.5	7954	
4432.5	8300	
4497.5	7110	
4562.5	8111	
4627.5	7704	
4692.5	7267	
4757.5	8046	
4822.5	7414	
4887.5	7737	
4952.5	8204	
5017.5	7244	
5082.5	7949	
5147.5	7711	
5212.5	7308	
5277.5	7943	
5342.5	7401	
5407.5	7769	
5472.5	7905	
5537.5	7415	
5602.5	7798	
5667.5	7657	
5732.5	7434	
5797.5	7875	
5862.5	7449	
5927.5	7532	
5992.5	7835	
6057.5	7364	
6122.5	7772	
6187.5	7673	
6252.5	7331	
6317.5	7652	
6382.5	7579	
6447.5	7345	
6512.5	7972	
6577.5	7533	
6642.5	7617	
6707.5	7835	
6772.5	7767	
6837.5	7701	
6902.5	7633	
6967.5	7610	
7032.5	7756	
7097.5	7493	
7162.5	7653	
7227.5	7688	
7292.5	7520	
7357.5	7648	
7422.5	7638	
7487.5	7528	
7552.5	7706	
7617.5	7485	
7682.5	7740	
7747.5	7615	
7812.5	7598	
7877.5	7698	
7942.5	7634	
8007.5	7519	
8072.5	7577	
8137.5	7490	
8202.5	7502	
8267.5	7610	
8332.5	7523	
8397.5	7610	
8462.5	7684	
8527.5	7575	
8592.5	7535	
8657.5	7547	
8722.5	7449	
8787.5	7542	
8852.5	7443	
8917.5	7474	
8982.5	7513	
9047.5	7462	
9112.5	7483	
9177.5	7500	
9242.5	7438	
9307.5	7384	
9372.5	7370	
9437.5	7463	
9502.5	7482	
9567.5	7339	
9632.5	7395	
9697.5	7429	
9762.5	7278	
9827.5	7441	
9892.5	7331	
9957.5	7526	
10022.5	7336	
10087.5	7191	
10152.5	7310	
10217.5	7299	
10282.5	7356	
10347.5	7292	
10412.5	7335	
10477.5	7224	
10542.5	7394	
10607.5	7317	
10672.5	7308	
10737.5	7138	
10802.5	7232	
10867.5	7279	
10932.5	7265	
10997.5	7214	
11062.5	7250	
11127.5	7214	
11192.5	7072	
11257.5	7120	
11322.5	7198	
11387.5	7200	
11452.5	7166	
11517.5	7104	
11582.5	7014	
11647.5	7170	
11712.5	7100	
11777.5	6992	
11842.5	7135	
11907.5	7002	
11972.5	6982	
12037.5	7015	
12102.5	7079	
12167.5	6983	
12232.5	6937	
12297.5	6824	
12362.5	7046	
12427.5	6944	
12492.5	6923	
12557.5	6922	
12622.5	6967	
12687.5	6691	
12752.5	6930	
12817.5	6889	
12882.5	6872	
12947.5	6749	
13012.5	6733	
13077.5	6710	
13142.5	6807	
13207.5	6660	
13272.5	6575	
13337.5	6855	
13402.5	6718	
13467.5	6568	
13532.5	6740	
13597.5	6687	
13662.5	6569	
13727.5	6520	
13792.5	6445	
13857.5	6477	
13922.5	6567	
13987.5	6519	
14052.5	6580	
14117.5	6467	
14182.5	6601	
14247.5	6528	
14312.5	6405	
14377.5	6519	
14442.5	6429	
14507.5	6290	
14572.5	6307	
14637.5	6345	
14702.5	6371	
14767.5	6359	
14832.5	6242	
14897.5	6311	
14962.5	6253	
15027.5	6312	
15092.5	6248	
15157.5	6271	
15222.5	6161	
15287.5	6209	
15352.5	6210	
15417.5	6334	
15482.5	6094	
15547.5	6106	
15612.5	6037	
15677.5	6187	
15742.5	6195	
15807.5	6143	
15872.5	6070	
15937.5	5999	
16002.5	5980	
16067.5	6049	
16132.5	6016	
16197.5	5966	
16262.5	5860	
16327.5	5779	
16392.5	5896	
16457.5	5821	
16522.5	5830	
16587.5	5848	
16652.5	5868	
16717.5	5705	
16782.5	5884	
16847.5	5728	
16912.5	5709	
16977.5	5639	
17042.5	5645	
17107.5	5640	
17172.5	5556	
17237.5	5611	
17302.5	5637	
17367.5	5502	
17432.5	5472	
17497.5	5596	
17562.5	5637	
17627.5	5498	
17692.5	5343	
17757.5	5451	
17822.5	5426	
17887.5	5367	
17952.5	5323	
18017.5	5339	
18082.5	5413	
18147.5	5299	
18212.5	5402	
18277.5	5380	
18342.5	5413	
18407.5	5162	
18472.5	5181	
18537.5	5087	
18602.5	5123	
18667.5	5018	
18732.5	5172	
18797.5	4997	
18862.5	5098	
18927.5	4989	
18992.5	5005	
19057.5	4988	
19122.5	4921	
19187.5	4877	
19252.5	4868	
19317.5	4980	
19382.5	4933	
19447.5	4923	
19512.5	4866	
19577.5	4931	
19642.5	4762	
19707.5	4707	
19772.5	4841	
19837.5	4661	
19902.5	4702	
19967.5	4726	
20032.5	4744	
20097.5	4586	
20162.5	4531	
20227.5	4560	
20292.5	4571	
20357.5	4550	
20422.5	4326	
20487.5	4391	
20552.5	4379	
20617.5	4499	
20682.5	4472	
20747.5	4298	
20812.5	4348	
20877.5	4368	
20942.5	4253	
21007.5	4352	
21072.5	4172	
21137.5	4158	
21202.5	4145	
21267.5	4113	
21332.5	4036	
21397.5	4039	
21462.5	3994	
21527.5	4165	
21592.5	3958	
21657.5	4050	
21722.5	3956	
21787.5	3962	
21852.5	3827	
21917.5	3879	
21982.5	3771	
22047.5	3901	
22112.5	3845	
22177.5	3852	
22242.5	3813	
22307.5	3730	
22372.5	3731	
22437.5	3717	
22502.5	3580	
22567.5	3513	
22632.5	3635	
22697.5	3524	
22762.5	3484	
22827.5	3603	
22892.5	3422	
22957.5	3390	
23022.5	3490	
23087.5	3426	
23152.5	3368	
23217.5	3388	
23282.5	3220	
23347.5	3238	
23412.5	3231	
23477.5	3183	
23542.5	3250	
23607.5	3178	
23672.5	3207	
23737.5	3100	
23802.5	3102	
23867.5	3077	
23932.5	2922	
23997.5	3055	
24062.5	2983	
24127.5	2928	
24192.5	2897	
24257.5	2954	
24322.5	2789	
24387.5	2817	
24452.5	2661	
24517.5	2833	
24582.5	2751	
24647.5	2679	
24712.5	2677	
24777.5	2639	
24842.5	2596	
24907.5	2613	
24972.5	2542	
25037.5	2573	
25102.5	2473	
25167.5	2525	
25232.5	2430	
25297.5	2453	
25362.5	2304	
25427.5	2373	
25492.5	2344	
25557.5	2272	
25622.5	2238	
25687.5	2236	
25752.5	2280	
25817.5	2175	
25882.5	2117	
25947.5	2142	
26012.5	2099	
26077.5	2073	
26142.5	2110	
26207.5	1912	
26272.5	1993	
26337.5	1975	
26402.5	1884	
26467.5	1883	
26532.5	1870	
26597.5	1828	
26662.5	1804	
26727.5	1883	
26792.5	1787	
26857.5	1716	
26922.5	1680	
26987.5	1666	
27052.5	1712	
27117.5	1601	
27182.5	1641	
27247.5	1588	
27312.5	1551	
27377.5	1515	
27442.5	1497	
27507.5	1510	
27572.5	1457	
27637.5	1416	
27702.5	1413	
27767.5	1448	
27832.5	1398	
27897.5	1354	
27962.5	1370	
28027.5	1288	
28092.5	1311	
28157.5	1228	
28222.5	1247	
28287.5	1148	
28352.5	1222	
28417.5	1104	
28482.5	1146	
28547.5	1099	
28612.5	1051	
28677.5	1074	
28742.5	1018	
28807.5	1075	
28872.5	1018	
28937.5	970	
29002.5	966	
29067.5	955	
29132.5	880	
29197.5	891	
29262.5	863	
29327.5	840	
29392.5	848	
29457.5	830	
29522.5	809	
29587.5	792	
29652.5	737	
29717.5	780	
29782.5	743	
29847.5	726	
29912.5	685	
29977.5	696	
30042.5	673	
30107.5	615	
30172.5	648	
30237.5	632	
30302.5	578	
30367.5	596	
30432.5	587	
30497.5	560	
30562.5	547	
30627.5	559	
30692.5	487	
30757.5	480	
30822.5	464	
30887.5	459	
30952.5	460	
31017.5	469	
31082.5	409	
31147.5	438	
31212.5	399	
31277.5	388	
31342.5	408	
31407.5	390	
31472.5	359	
31537.5	382	
31602.5	359	
31667.5	325	
31732.5	328	
31797.5	319	
31862.5	316	
31927.5	301	
31992.5	300	
32057.5	271	
32122.5	295	
32187.5	264	
32252.5	259	
32317.5	230	
32382.5	243	
32447.5	232	
32512.5	194	
32577.5	200	
32642.5	217	
32707.5	210	
32772.5	213	
32837.5	175	
32902.5	183	
32967.5	181	
33032.5	169	
33097.5	172	
33162.5	149	
33227.5	148	
33292.5	149	
33357.5	155	
33422.5	160	
33487.5	137	
33552.5	124	
33617.5	105	
33682.5	119	
33747.5	107	
33812.5	108	
33877.5	113	
33942.5	78	
34007.5	97	
34072.5	104	
34137.5	106	
34202.5	77	
34267.5	84	
34332.5	80	
34397.5	89	
34462.5	72	
34527.5	62	
34592.5	81	
34657.5	62	
34722.5	52	
34787.5	61	
34852.5	45	
34917.5	52	
34982.5	41	
35047.5	50	
35112.5	34	
35177.5	46	
35242.5	40	
35307.5	41	
35372.5	40	
35437.5	36	
35502.5	36	
35567.5	30	
35632.5	26	
35697.5	26	
35762.5	28	
35827.5	24	
35892.5	26	
35957.5	27	
36022.5	19	
36087.5	19	
36152.5	17	
36217.5	20	
36282.5	28	
36347.5	19	
36412.5	22	
36477.5	17	
36542.5	18	
36607.5	12	
36672.5	13	
36737.5	18	
36802.5	17	
36867.5	10	
36932.5	14	
36997.5	8	
37062.5	11	
37127.5	9	
37192.5	8	
37257.5	12	
37322.5	7	
37387.5	6	
37452.5	13	
37517.5	4	
37582.5	4	
37647.5	6	
37712.5	2	
37777.5	5	
37842.5	8	
37907.5	2	
37972.5	8	
38037.5	5	
38102.5	6	
38167.5	3	
38232.5	5	
38297.5	3	
38362.5	4	
38427.5	1	
38492.5	3	
38557.5	2	
38622.5	1	
38687.5	5	
38752.5	5	
38817.5	2	
38882.5	4	
38947.5	0	
39012.5	1	
39077.5	2	
39142.5	2	
39207.5	2	
39272.5	3	
39337.5	4	
39402.5	3	
39467.5	4	
39532.5	2	
39597.5	4	
39662.5	1	
39727.5	2	
39792.5	6	
39857.5	2	
39922.5	0	
39987.5	1	
40052.5	2	
40117.5	1	
40182.5	1	
40247.5	0	
40312.5	1	
40377.5	1	
40442.5	1	
40507.5	3	
40572.5	1	
40637.5	2	
40702.5	5	
40767.5	3	
40832.5	3	
40897.5	4	
40962.5	0	
41027.5	0	
41092.5	1	
41157.5	2	
41222.5	1	
41287.5	1	
41352.5	1	
41417.5	1	
41482.5	2	
41547.5	0	
41612.5	1	
41677.5	0	
41742.5	1	
41807.5	3	
41872.5	1	
41937.5	2	
42002.5	0	
42067.5	1	
42132.5	1	
42197.5	1	
42262.5	1	
42327.5	0	
42392.5	1	
42457.5	2	
42522.5	0	
42587.5	0	
42652.5	0	
42717.5	2	
42782.5	1	
42847.5	2	
42912.5	2	
42977.5	1	
43042.5	0	
43107.5	1	
43172.5	0	
43237.5	3	
43302.5	1	
43367.5	1	
43432.5	1	
43497.5	0	
43562.5	1	
43627.5	1	
43692.5	1	
43757.5	0	
43822.5	0	
43887.5	0	
43952.5	1	
44017.5	2	
44082.5	1	
44147.5	2	
44212.5	1	
44277.5	0	
44342.5	3	
44407.5	0	
44472.5	0	
44537.5	0	
44602.5	0	
44667.5	2	
44732.5	1	
44797.5	1	
44862.5	1	
44927.5	0	
44992.5	1	
45057.5	0	
45122.5	2	
45187.5	2	
45252.5	2	
45317.5	1	
45382.5	1	
45447.5	0	
45512.5	2	
45577.5	0	
45642.5	0	
45707.5	0	
45772.5	1	
45837.5	0	
45902.5	0	
45967.5	0	
46032.5	0	
46097.5	1	
46162.5	1	
46227.5	3	
46292.5	1	
46357.5	1	
46422.5	2	
46487.5	1	
46552.5	1	
46617.5	1	
46682.5	0	
46747.5	0	
46812.5	1	
46877.5	0	
46942.5	0	
47007.5	1	
47072.5	0	
47137.5	1	
47202.5	1	
47267.5	0	
47332.5	0	
47397.5	1	
47462.5	1	
47527.5	0	
47592.5	2	
47657.5	1	
47722.5	0	
47787.5	0	
47852.5	0	
47917.5	0	
47982.5	2	
48047.5	0	
48112.5	0	
48177.5	0	
48242.5	0	
48307.5	0	
48372.5	1	
48437.5	0	
48502.5	0	
48567.5	0	
48632.5	0	
48697.5	0	
48762.5	1	
48827.5	0	
48892.5	1	
48957.5	0	
49022.5	0	
49087.5	2	
49152.5	0	
49217.5	1	
49282.5	0	
49347.5	0	
49412.5	0	
49477.5	1	
49542.5	1	
49607.5	0	
49672.5	0	
49737.5	0	
49802.5	0	
49867.5	1	
49932.5	1	
49997.5	0	
50062.5	0	
50127.5	0	
50192.5	1	
50257.5	0	
50322.5	0	
50387.5	0	
50452.5	1	
50517.5	0	
50582.5	0	
50647.5	1	
50712.5	0	
50777.5	0	
50842.5	1	
50907.5	0	
50972.5	2	
51037.5	0	
51102.5	1	
51167.5	1	
51232.5	1	
51297.5	0	
51362.5	1	
51427.5	1	
51492.5	0	
51557.5	0	
51622.5	1	
51687.5	0	
51752.5	0	
51817.5	0	
51882.5	0	
51947.5	0	
52012.5	0	
52077.5	0	
52142.5	0	
52207.5	1	
52272.5	0	
52337.5	1	
52402.5	0	
52467.5	1	
52532.5	0	
52597.5	0	
52662.5	1	
52727.5	0	
52792.5	3	
52857.5	0	
52922.5	1	
52987.5	2	
53052.5	1	
53117.5	0	
53182.5	1	
53247.5	1	
53312.5	0	
53377.5	0	
53442.5	1	
53507.5	0	
53572.5	1	
53637.5	1	
53702.5	0	
53767.5	1	
53832.5	0	
53897.5	0	
53962.5	0	
54027.5	0	
54092.5	0	
54157.5	1	
54222.5	0	
54287.5	1	
54352.5	0	
54417.5	1	
54482.5	0	
54547.5	1	
54612.5	1	
54677.5	1	
54742.5	0	
54807.5	0	
54872.5	0	
54937.5	0	
55002.5	0	
55067.5	0	
55132.5	0	
55197.5	0	
55262.5	0	
55327.5	0	
55392.5	0	
55457.5	1	
55522.5	0	
55587.5	0	
55652.5	1	
55717.5	0	
55782.5	0	
55847.5	0	
55912.5	0	
55977.5	1	
56042.5	0	
56107.5	0	
56172.5	0	
56237.5	0	
56302.5	1	
56367.5	2	
56432.5	0	
56497.5	0	
56562.5	0	
56627.5	0	
56692.5	1	
56757.5	0	
56822.5	1	
56887.5	0	
56952.5	0	
57017.5	0	
57082.5	0	
57147.5	0	
57212.5	0	
57277.5	0	
57342.5	0	
57407.5	2	
57472.5	0	
57537.5	0	
57602.5	1	
57667.5	0	
57732.5	0	
57797.5	0	
57862.5	0	
57927.5	0	
57992.5	0	
58057.5	0	
58122.5	0	
58187.5	1	
58252.5	0	
58317.5	0	
58382.5	0	
58447.5	2	
58512.5	0	
58577.5	0	
58642.5	1	
58707.5	1	
58772.5	0	
58837.5	0	
58902.5	0	
58967.5	2	
59032.5	0	
59097.5	0	
59162.5	0	
59227.5	1	
59292.5	0	
59357.5	0	
59422.5	1	
59487.5	0	
59552.5	1	
59617.5	0	
59682.5	0	
59747.5	0	
59812.5	0	
59877.5	0	
59942.5	0	
60007.5	0	
60072.5	0	
60137.5	0	
60202.5	0	
60267.5	1	
60332.5	0	
60397.5	0	
60462.5	0	
60527.5	0	
60592.5	0	
60657.5	0	
60722.5	0	
60787.5	1	
60852.5	0	
60917.5	0	
60982.5	0	
61047.5	0	
61112.5	0	
61177.5	0	
61242.5	0	
61307.5	1	
61372.5	0	
61437.5	1	
61502.5	0	
61567.5	1	
61632.5	1	
61697.5	0	
61762.5	0	
61827.5	0	
61892.5	0	
61957.5	0	
62022.5	0	
62087.5	0	
62152.5	0	
62217.5	0	
62282.5	0	
62347.5	0	
62412.5	1	
62477.5	2	
62542.5	0	
62607.5	0	
62672.5	1	
62737.5	0	
62802.5	0	
62867.5	0	
62932.5	0	
62997.5	0	
63062.5	0	
63127.5	0	
63192.5	0	
63257.5	0	
63322.5	1	
63387.5	0	
63452.5	0	
63517.5	0	
63582.5	0	
63647.5	0	
63712.5	1	
63777.5	0	
63842.5	0	
63907.5	0	
63972.5	0	
64037.5	0	
64102.5	0	
64167.5	0	
64232.5	0	
64297.5	0	
64362.5	0	
64427.5	1	
64492.5	0	
64557.5	0	
64622.5	0	
64687.5	0	
64752.5	0	
64817.5	0	
64882.5	0	
64947.5	0	
65012.5	0	
65077.5	0	
65142.5	0	
65207.5	0	
65272.5	0	
65337.5	1	
65402.5	0	
65467.5	0	
65532.5	0	
65597.5	0	
65662.5	0	
65727.5	0	
65792.5	0	
65857.5	0	
65922.5	0	
65987.5	0	
66052.5	0	
66117.5	0	
66182.5	0	
66247.5	0	
66312.5	0	
66377.5	0	
66442.5	0	
66507.5	1	
66572.5	0	
66637.5	0	
66702.5	0	
66767.5	0	
66832.5	0	
66897.5	0	
66962.5	0	
67027.5	0	
