-49.5	0	
-48.5	0	
-47.5	0	
-46.5	0	
-45.5	0	
-44.5	0	
-43.5	0	
-42.5	0	
-41.5	0	
-40.5	0	
-39.5	0	
-38.5	0	
-37.5	0	
-36.5	0	
-35.5	1	
-34.5	0	
-33.5	1	
-32.5	0	
-31.5	2	
-30.5	5	
-29.5	10	
-28.5	6	
-27.5	10	
-26.5	18	
-25.5	17	
-24.5	21	
-23.5	42	
-22.5	50	
-21.5	66	
-20.5	113	
-19.5	148	
-18.5	207	
-17.5	270	
-16.5	308	
-15.5	444	
-14.5	545	
-13.5	693	
-12.5	899	
-11.5	1026	
-10.5	1269	
-9.5	1477	
-8.5	1750	
-7.5	2103	
-6.5	2400	
-5.5	2602	
-4.5	2858	
-3.5	3175	
-2.5	3351	
-1.5	3415	
-0.5	3598	
0.5	3669	
1.5	3692	
2.5	3448	
3.5	3492	
4.5	3132	
5.5	3030	
6.5	2749	
7.5	2473	
8.5	2191	
9.5	1996	
10.5	1620	
11.5	1423	
12.5	1165	
13.5	949	
14.5	774	
15.5	606	
16.5	492	
17.5	378	
18.5	244	
19.5	186	
20.5	126	
21.5	104	
22.5	83	
23.5	58	
24.5	41	
25.5	33	
26.5	24	
27.5	18	
28.5	18	
29.5	6	
30.5	14	
31.5	10	
32.5	5	
33.5	7	
34.5	6	
35.5	5	
36.5	2	
37.5	7	
38.5	4	
39.5	7	
40.5	4	
41.5	2	
42.5	6	
43.5	7	
44.5	4	
45.5	4	
46.5	6	
47.5	9	
48.5	5	
49.5	4	
50.5	2	
51.5	2	
52.5	4	
53.5	5	
54.5	3	
55.5	3	
56.5	2	
57.5	5	
58.5	6	
59.5	2	
60.5	6	
61.5	3	
62.5	5	
63.5	6	
64.5	2	
65.5	5	
66.5	6	
67.5	4	
68.5	7	
69.5	2	
70.5	5	
71.5	3	
72.5	2	
73.5	5	
74.5	2	
75.5	2	
76.5	4	
77.5	4	
78.5	2	
79.5	1	
80.5	6	
81.5	0	
82.5	4	
83.5	4	
84.5	3	
85.5	3	
86.5	5	
87.5	4	
88.5	3	
89.5	3	
90.5	2	
91.5	1	
92.5	3	
93.5	1	
94.5	8	
95.5	2	
96.5	4	
97.5	5	
98.5	3	
99.5	6	
100.5	1	
101.5	2	
102.5	9	
103.5	6	
104.5	3	
105.5	4	
106.5	9	
107.5	6	
108.5	5	
109.5	2	
110.5	4	
111.5	6	
112.5	1	
113.5	3	
114.5	8	
115.5	4	
116.5	4	
117.5	5	
118.5	3	
119.5	5	
120.5	6	
121.5	7	
122.5	7	
123.5	5	
124.5	4	
125.5	3	
126.5	4	
127.5	4	
128.5	6	
129.5	7	
130.5	9	
131.5	7	
132.5	5	
133.5	11	
134.5	11	
135.5	11	
136.5	9	
137.5	8	
138.5	5	
139.5	6	
140.5	11	
141.5	11	
142.5	9	
143.5	13	
144.5	14	
145.5	10	
146.5	14	
147.5	13	
148.5	25	
149.5	23	
150.5	31	
151.5	29	
152.5	33	
153.5	34	
154.5	52	
155.5	52	
156.5	99	
157.5	123	
158.5	123	
159.5	152	
160.5	174	
161.5	224	
162.5	277	
163.5	308	
164.5	412	
165.5	513	
166.5	530	
167.5	641	
168.5	834	
169.5	982	
170.5	1077	
171.5	1294	
172.5	1447	
173.5	1684	
174.5	1846	
175.5	2148	
176.5	2506	
177.5	2641	
178.5	2794	
179.5	3003	
180.5	3227	
181.5	3376	
182.5	3528	
183.5	3784	
184.5	3800	
185.5	4049	
186.5	4111	
187.5	4163	
188.5	3991	
189.5	4085	
190.5	3846	
191.5	3795	
192.5	3750	
193.5	3565	
194.5	3386	
195.5	3254	
196.5	3036	
197.5	2770	
198.5	2547	
199.5	2271	
200.5	2050	
201.5	1861	
202.5	1639	
203.5	1533	
204.5	1297	
205.5	1098	
206.5	921	
207.5	798	
208.5	694	
209.5	580	
210.5	462	
211.5	435	
212.5	361	
213.5	307	
214.5	242	
215.5	197	
216.5	164	
217.5	152	
218.5	123	
219.5	144	
220.5	110	
221.5	139	
222.5	92	
223.5	90	
224.5	98	
225.5	83	
226.5	85	
227.5	102	
228.5	101	
229.5	106	
230.5	86	
231.5	95	
232.5	94	
233.5	102	
234.5	99	
235.5	119	
236.5	130	
237.5	114	
238.5	110	
239.5	105	
240.5	109	
241.5	111	
242.5	112	
243.5	123	
244.5	121	
245.5	122	
246.5	113	
247.5	108	
248.5	135	
249.5	116	
250.5	128	
251.5	128	
252.5	130	
253.5	158	
254.5	114	
255.5	126	
256.5	134	
257.5	144	
258.5	120	
259.5	127	
260.5	116	
261.5	143	
262.5	140	
263.5	95	
264.5	129	
265.5	95	
266.5	101	
267.5	117	
268.5	117	
269.5	109	
270.5	88	
271.5	102	
272.5	111	
273.5	102	
274.5	113	
275.5	104	
276.5	91	
277.5	95	
278.5	72	
279.5	87	
280.5	75	
281.5	92	
282.5	75	
283.5	75	
284.5	71	
285.5	56	
286.5	87	
287.5	50	
288.5	59	
289.5	61	
290.5	55	
291.5	57	
292.5	54	
293.5	56	
294.5	39	
295.5	45	
296.5	39	
297.5	28	
298.5	30	
299.5	41	
300.5	29	
301.5	44	
302.5	25	
303.5	29	
304.5	34	
305.5	30	
306.5	20	
307.5	26	
308.5	24	
309.5	27	
310.5	25	
311.5	31	
312.5	29	
313.5	27	
314.5	25	
315.5	24	
316.5	26	
317.5	38	
318.5	33	
319.5	33	
320.5	39	
321.5	27	
322.5	36	
323.5	41	
324.5	52	
325.5	40	
326.5	47	
327.5	54	
328.5	80	
329.5	62	
330.5	61	
331.5	76	
332.5	101	
333.5	108	
334.5	115	
335.5	106	
336.5	132	
337.5	157	
338.5	218	
339.5	236	
340.5	247	
341.5	309	
342.5	336	
343.5	373	
344.5	445	
345.5	530	
346.5	551	
347.5	645	
348.5	683	
349.5	770	
350.5	859	
351.5	946	
352.5	1050	
353.5	1133	
354.5	1208	
355.5	1372	
356.5	1488	
357.5	1602	
358.5	1604	
359.5	1747	
360.5	1925	
361.5	2020	
362.5	1997	
363.5	2031	
364.5	2269	
365.5	2262	
366.5	2424	
367.5	2387	
368.5	2388	
369.5	2494	
370.5	2483	
371.5	2412	
372.5	2493	
373.5	2448	
374.5	2464	
375.5	2422	
376.5	2353	
377.5	2352	
378.5	2294	
379.5	2230	
380.5	2034	
381.5	2048	
382.5	1918	
383.5	1937	
384.5	1740	
385.5	1728	
386.5	1468	
387.5	1459	
388.5	1378	
389.5	1274	
390.5	1160	
391.5	1024	
392.5	884	
393.5	837	
394.5	795	
395.5	714	
396.5	602	
397.5	544	
398.5	491	
399.5	442	
400.5	397	
401.5	340	
402.5	365	
403.5	302	
404.5	284	
405.5	232	
406.5	228	
407.5	249	
408.5	193	
409.5	176	
410.5	178	
411.5	190	
412.5	173	
413.5	192	
414.5	157	
415.5	157	
416.5	142	
417.5	163	
418.5	180	
419.5	129	
420.5	161	
421.5	191	
422.5	158	
423.5	181	
424.5	175	
425.5	153	
426.5	168	
427.5	179	
428.5	180	
429.5	193	
430.5	188	
431.5	183	
432.5	177	
433.5	188	
434.5	174	
435.5	168	
436.5	191	
437.5	194	
438.5	211	
439.5	186	
440.5	199	
441.5	202	
442.5	173	
443.5	180	
444.5	195	
445.5	170	
446.5	180	
447.5	186	
448.5	201	
449.5	189	
450.5	167	
451.5	166	
452.5	179	
453.5	162	
454.5	165	
455.5	143	
456.5	146	
457.5	160	
458.5	121	
459.5	133	
460.5	147	
461.5	130	
462.5	139	
463.5	117	
464.5	120	
465.5	132	
466.5	111	
467.5	123	
468.5	133	
469.5	98	
470.5	117	
471.5	133	
472.5	87	
473.5	95	
474.5	89	
475.5	84	
476.5	97	
477.5	89	
478.5	78	
479.5	82	
480.5	65	
481.5	60	
482.5	69	
483.5	70	
484.5	71	
485.5	83	
486.5	66	
487.5	63	
488.5	51	
489.5	45	
490.5	48	
491.5	60	
492.5	50	
493.5	53	
494.5	52	
495.5	63	
496.5	38	
497.5	56	
498.5	65	
499.5	52	
500.5	53	
501.5	56	
502.5	59	
503.5	67	
504.5	74	
505.5	62	
506.5	70	
507.5	85	
508.5	85	
509.5	92	
510.5	98	
511.5	92	
512.5	112	
513.5	93	
514.5	118	
515.5	146	
516.5	127	
517.5	159	
518.5	164	
519.5	201	
520.5	215	
521.5	259	
522.5	246	
523.5	284	
524.5	279	
525.5	307	
526.5	345	
527.5	398	
528.5	377	
529.5	443	
530.5	424	
531.5	501	
532.5	574	
533.5	569	
534.5	595	
535.5	643	
536.5	717	
537.5	708	
538.5	731	
539.5	774	
540.5	831	
541.5	874	
542.5	909	
543.5	960	
544.5	925	
545.5	989	
546.5	966	
547.5	1007	
548.5	993	
549.5	1101	
550.5	1098	
551.5	1002	
552.5	1108	
553.5	1135	
554.5	1041	
555.5	1086	
556.5	1159	
557.5	1089	
558.5	1117	
559.5	1091	
560.5	1072	
561.5	1065	
562.5	1046	
563.5	1054	
564.5	1006	
565.5	1026	
566.5	962	
567.5	912	
568.5	909	
569.5	863	
570.5	864	
571.5	830	
572.5	771	
573.5	727	
574.5	669	
575.5	701	
576.5	693	
577.5	640	
578.5	577	
579.5	526	
580.5	560	
581.5	464	
582.5	482	
583.5	442	
584.5	397	
585.5	333	
586.5	369	
587.5	310	
588.5	289	
589.5	274	
590.5	261	
591.5	227	
592.5	225	
593.5	227	
594.5	215	
595.5	199	
596.5	184	
597.5	151	
598.5	150	
599.5	173	
600.5	168	
601.5	158	
602.5	146	
603.5	163	
604.5	150	
605.5	166	
606.5	158	
607.5	140	
608.5	161	
609.5	166	
610.5	162	
611.5	132	
612.5	141	
613.5	164	
614.5	174	
615.5	147	
616.5	160	
617.5	168	
618.5	153	
619.5	144	
620.5	193	
621.5	147	
622.5	159	
623.5	137	
624.5	146	
625.5	138	
626.5	120	
627.5	161	
628.5	151	
629.5	114	
630.5	152	
631.5	121	
632.5	131	
633.5	126	
634.5	131	
635.5	159	
636.5	121	
637.5	131	
638.5	126	
639.5	116	
640.5	105	
641.5	123	
642.5	101	
643.5	120	
644.5	133	
645.5	116	
646.5	111	
647.5	107	
648.5	135	
649.5	92	
650.5	96	
651.5	88	
652.5	81	
653.5	84	
654.5	96	
655.5	80	
656.5	84	
657.5	100	
658.5	85	
659.5	73	
660.5	71	
661.5	79	
662.5	69	
663.5	82	
664.5	73	
665.5	69	
666.5	75	
667.5	58	
668.5	78	
669.5	54	
670.5	59	
671.5	49	
672.5	67	
673.5	51	
674.5	60	
675.5	58	
676.5	58	
677.5	55	
678.5	55	
679.5	58	
680.5	47	
681.5	58	
682.5	42	
683.5	53	
684.5	43	
685.5	57	
686.5	56	
687.5	66	
688.5	73	
689.5	67	
690.5	75	
691.5	73	
692.5	65	
693.5	64	
694.5	71	
695.5	72	
696.5	98	
697.5	101	
698.5	114	
699.5	93	
700.5	122	
701.5	132	
702.5	154	
703.5	140	
704.5	173	
705.5	177	
706.5	161	
707.5	198	
708.5	189	
709.5	217	
710.5	209	
711.5	254	
712.5	213	
713.5	224	
714.5	270	
715.5	265	
716.5	254	
717.5	273	
718.5	264	
719.5	320	
720.5	274	
721.5	322	
722.5	368	
723.5	337	
724.5	356	
725.5	344	
726.5	354	
727.5	371	
728.5	385	
729.5	387	
730.5	387	
731.5	375	
732.5	365	
733.5	376	
734.5	391	
735.5	378	
736.5	395	
737.5	415	
738.5	382	
739.5	378	
740.5	403	
741.5	360	
742.5	414	
743.5	392	
744.5	399	
745.5	425	
746.5	401	
747.5	384	
748.5	387	
749.5	393	
750.5	334	
751.5	364	
752.5	339	
753.5	344	
754.5	336	
755.5	346	
756.5	348	
757.5	353	
758.5	331	
759.5	295	
760.5	312	
761.5	328	
762.5	275	
763.5	266	
764.5	269	
765.5	266	
766.5	250	
767.5	219	
768.5	239	
769.5	190	
770.5	232	
771.5	193	
772.5	190	
773.5	173	
774.5	158	
775.5	176	
776.5	160	
777.5	153	
778.5	118	
779.5	137	
780.5	96	
781.5	106	
782.5	116	
783.5	110	
784.5	99	
785.5	92	
786.5	92	
787.5	117	
788.5	107	
789.5	88	
790.5	103	
791.5	99	
792.5	102	
793.5	90	
794.5	103	
795.5	87	
796.5	92	
797.5	99	
798.5	80	
799.5	86	
800.5	89	
801.5	75	
802.5	90	
803.5	82	
804.5	73	
805.5	72	
806.5	97	
807.5	75	
808.5	82	
809.5	95	
810.5	73	
811.5	68	
812.5	79	
813.5	93	
814.5	90	
815.5	70	
816.5	65	
817.5	79	
818.5	68	
819.5	72	
820.5	79	
821.5	75	
822.5	56	
823.5	73	
824.5	63	
825.5	75	
826.5	51	
827.5	79	
828.5	65	
829.5	62	
830.5	64	
831.5	49	
832.5	68	
833.5	69	
834.5	51	
835.5	60	
836.5	47	
837.5	46	
838.5	62	
839.5	47	
840.5	44	
841.5	51	
842.5	47	
843.5	43	
844.5	50	
845.5	40	
846.5	42	
847.5	42	
848.5	51	
849.5	45	
850.5	36	
851.5	50	
852.5	44	
853.5	47	
854.5	44	
855.5	33	
856.5	36	
857.5	43	
858.5	38	
859.5	44	
860.5	35	
861.5	37	
862.5	33	
863.5	37	
864.5	45	
865.5	48	
866.5	46	
867.5	35	
868.5	54	
869.5	49	
870.5	46	
871.5	60	
872.5	48	
873.5	50	
874.5	41	
875.5	45	
876.5	37	
877.5	60	
878.5	45	
879.5	51	
880.5	47	
881.5	73	
882.5	78	
883.5	64	
884.5	66	
885.5	70	
886.5	64	
887.5	74	
888.5	72	
889.5	80	
890.5	75	
891.5	91	
892.5	91	
893.5	78	
894.5	74	
895.5	97	
896.5	94	
897.5	92	
898.5	90	
899.5	92	
900.5	89	
901.5	101	
902.5	98	
903.5	104	
904.5	104	
905.5	114	
906.5	112	
907.5	125	
908.5	120	
909.5	126	
910.5	125	
911.5	112	
912.5	114	
913.5	136	
914.5	120	
915.5	119	
916.5	119	
917.5	114	
918.5	128	
919.5	106	
920.5	124	
921.5	130	
922.5	125	
923.5	129	
924.5	138	
925.5	129	
926.5	111	
927.5	131	
928.5	131	
929.5	148	
930.5	126	
931.5	123	
932.5	120	
933.5	126	
934.5	115	
935.5	118	
936.5	114	
937.5	112	
938.5	112	
939.5	117	
940.5	126	
941.5	113	
942.5	97	
943.5	99	
944.5	118	
945.5	114	
946.5	111	
947.5	119	
948.5	96	
949.5	101	
950.5	96	
951.5	93	
952.5	93	
953.5	82	
954.5	85	
955.5	91	
956.5	77	
957.5	88	
958.5	72	
959.5	80	
960.5	72	
961.5	71	
962.5	68	
963.5	46	
964.5	63	
965.5	51	
966.5	60	
967.5	61	
968.5	40	
969.5	45	
970.5	55	
971.5	45	
972.5	35	
973.5	50	
ADC Channel - Charge distribution	LED bias55V, G27dB,I2.5	
