-49.5	1	
-48.5	0	
-47.5	0	
-46.5	1	
-45.5	0	
-44.5	1	
-43.5	2	
-42.5	2	
-41.5	2	
-40.5	5	
-39.5	2	
-38.5	4	
-37.5	5	
-36.5	3	
-35.5	7	
-34.5	14	
-33.5	10	
-32.5	16	
-31.5	19	
-30.5	27	
-29.5	26	
-28.5	63	
-27.5	46	
-26.5	65	
-25.5	73	
-24.5	102	
-23.5	143	
-22.5	197	
-21.5	237	
-20.5	250	
-19.5	311	
-18.5	425	
-17.5	461	
-16.5	583	
-15.5	730	
-14.5	834	
-13.5	1024	
-12.5	1098	
-11.5	1280	
-10.5	1450	
-9.5	1590	
-8.5	1766	
-7.5	1952	
-6.5	2094	
-5.5	2256	
-4.5	2315	
-3.5	2443	
-2.5	2632	
-1.5	2798	
-0.5	2882	
0.5	2811	
1.5	2761	
2.5	2759	
3.5	2748	
4.5	2611	
5.5	2499	
6.5	2354	
7.5	2197	
8.5	2114	
9.5	1824	
10.5	1725	
11.5	1545	
12.5	1397	
13.5	1256	
14.5	1139	
15.5	924	
16.5	796	
17.5	719	
18.5	560	
19.5	460	
20.5	376	
21.5	356	
22.5	240	
23.5	206	
24.5	178	
25.5	133	
26.5	129	
27.5	102	
28.5	88	
29.5	60	
30.5	54	
31.5	38	
32.5	39	
33.5	32	
34.5	18	
35.5	19	
36.5	11	
37.5	17	
38.5	11	
39.5	10	
40.5	10	
41.5	9	
42.5	6	
43.5	2	
44.5	2	
45.5	5	
46.5	5	
47.5	5	
48.5	1	
49.5	9	
50.5	2	
51.5	3	
52.5	1	
53.5	3	
54.5	2	
55.5	6	
56.5	6	
57.5	2	
58.5	3	
59.5	3	
60.5	0	
61.5	4	
62.5	4	
63.5	2	
64.5	4	
65.5	0	
66.5	4	
67.5	3	
68.5	3	
69.5	4	
70.5	4	
71.5	4	
72.5	1	
73.5	3	
74.5	3	
75.5	3	
76.5	4	
77.5	1	
78.5	4	
79.5	6	
80.5	3	
81.5	0	
82.5	1	
83.5	1	
84.5	4	
85.5	1	
86.5	2	
87.5	2	
88.5	2	
89.5	1	
90.5	2	
91.5	0	
92.5	1	
93.5	3	
94.5	2	
95.5	1	
96.5	3	
97.5	2	
98.5	4	
99.5	3	
100.5	0	
101.5	1	
102.5	1	
103.5	3	
104.5	2	
105.5	3	
106.5	4	
107.5	2	
108.5	3	
109.5	1	
110.5	3	
111.5	1	
112.5	1	
113.5	2	
114.5	3	
115.5	3	
116.5	3	
117.5	1	
118.5	1	
119.5	1	
120.5	1	
121.5	2	
122.5	1	
123.5	3	
124.5	0	
125.5	0	
126.5	3	
127.5	0	
128.5	1	
129.5	5	
130.5	6	
131.5	3	
132.5	3	
133.5	1	
134.5	1	
135.5	4	
136.5	1	
137.5	1	
138.5	1	
139.5	0	
140.5	3	
141.5	3	
142.5	4	
143.5	2	
144.5	0	
145.5	2	
146.5	1	
147.5	3	
148.5	3	
149.5	1	
150.5	3	
151.5	2	
152.5	1	
153.5	2	
154.5	2	
155.5	4	
156.5	3	
157.5	1	
158.5	2	
159.5	3	
160.5	3	
161.5	1	
162.5	3	
163.5	1	
164.5	4	
165.5	2	
166.5	1	
167.5	0	
168.5	1	
169.5	2	
170.5	2	
171.5	3	
172.5	1	
173.5	1	
174.5	2	
175.5	1	
176.5	1	
177.5	1	
178.5	2	
179.5	3	
180.5	1	
181.5	2	
182.5	1	
183.5	0	
184.5	2	
185.5	3	
186.5	3	
187.5	3	
188.5	0	
189.5	1	
190.5	1	
191.5	3	
192.5	2	
193.5	0	
194.5	1	
195.5	1	
196.5	3	
197.5	2	
198.5	0	
199.5	0	
200.5	2	
201.5	1	
202.5	0	
203.5	0	
204.5	0	
205.5	3	
206.5	4	
207.5	1	
208.5	3	
209.5	1	
210.5	0	
211.5	2	
212.5	1	
213.5	0	
214.5	2	
215.5	3	
216.5	1	
217.5	1	
218.5	1	
219.5	0	
220.5	1	
221.5	2	
222.5	0	
223.5	2	
224.5	0	
225.5	0	
226.5	1	
227.5	2	
228.5	4	
229.5	0	
230.5	0	
231.5	1	
232.5	1	
233.5	0	
234.5	1	
235.5	1	
236.5	2	
237.5	2	
238.5	3	
239.5	1	
240.5	1	
241.5	1	
242.5	1	
243.5	1	
244.5	2	
245.5	2	
246.5	0	
247.5	0	
248.5	0	
249.5	1	
250.5	0	
251.5	1	
252.5	0	
253.5	3	
254.5	2	
255.5	1	
256.5	1	
257.5	3	
258.5	2	
259.5	0	
260.5	3	
261.5	1	
262.5	1	
263.5	1	
264.5	2	
265.5	4	
266.5	4	
267.5	0	
268.5	3	
269.5	1	
270.5	3	
271.5	3	
272.5	0	
273.5	4	
274.5	1	
275.5	3	
276.5	1	
277.5	2	
278.5	1	
279.5	1	
280.5	0	
281.5	2	
282.5	1	
283.5	1	
284.5	0	
285.5	1	
286.5	1	
287.5	0	
288.5	3	
289.5	2	
290.5	4	
291.5	2	
292.5	1	
293.5	2	
294.5	2	
295.5	1	
296.5	2	
297.5	3	
298.5	3	
299.5	1	
300.5	2	
301.5	1	
302.5	3	
303.5	0	
304.5	0	
305.5	3	
306.5	4	
307.5	2	
308.5	1	
309.5	3	
310.5	1	
311.5	2	
312.5	1	
313.5	3	
314.5	0	
315.5	1	
316.5	3	
317.5	1	
318.5	2	
319.5	2	
320.5	1	
321.5	1	
322.5	2	
323.5	4	
324.5	7	
325.5	2	
326.5	4	
327.5	0	
328.5	2	
329.5	5	
330.5	3	
331.5	1	
332.5	0	
333.5	4	
334.5	3	
335.5	5	
336.5	2	
337.5	2	
338.5	3	
339.5	1	
340.5	5	
341.5	1	
342.5	3	
343.5	1	
344.5	3	
345.5	0	
346.5	3	
347.5	6	
348.5	3	
349.5	3	
350.5	5	
351.5	4	
352.5	1	
353.5	4	
354.5	2	
355.5	0	
356.5	7	
357.5	2	
358.5	5	
359.5	0	
360.5	2	
361.5	6	
362.5	2	
363.5	4	
364.5	4	
365.5	3	
366.5	2	
367.5	5	
368.5	4	
369.5	5	
370.5	5	
371.5	2	
372.5	2	
373.5	0	
374.5	7	
375.5	8	
376.5	1	
377.5	2	
378.5	4	
379.5	4	
380.5	8	
381.5	3	
382.5	9	
383.5	8	
384.5	4	
385.5	7	
386.5	6	
387.5	8	
388.5	7	
389.5	6	
390.5	14	
391.5	7	
392.5	4	
393.5	10	
394.5	13	
395.5	7	
396.5	6	
397.5	7	
398.5	14	
399.5	16	
400.5	14	
401.5	22	
402.5	16	
403.5	19	
404.5	23	
405.5	19	
406.5	26	
407.5	24	
408.5	37	
409.5	44	
410.5	35	
411.5	29	
412.5	40	
413.5	57	
414.5	65	
415.5	61	
416.5	68	
417.5	79	
418.5	86	
419.5	107	
420.5	121	
421.5	124	
422.5	139	
423.5	180	
424.5	193	
425.5	182	
426.5	231	
427.5	246	
428.5	264	
429.5	270	
430.5	359	
431.5	342	
432.5	383	
433.5	412	
434.5	436	
435.5	488	
436.5	476	
437.5	625	
438.5	633	
439.5	691	
440.5	758	
441.5	826	
442.5	821	
443.5	896	
444.5	947	
445.5	993	
446.5	1046	
447.5	1055	
448.5	1109	
449.5	1255	
450.5	1302	
451.5	1402	
452.5	1453	
453.5	1493	
454.5	1517	
455.5	1732	
456.5	1648	
457.5	1773	
458.5	1734	
459.5	1844	
460.5	1839	
461.5	1884	
462.5	1910	
463.5	1943	
464.5	2045	
465.5	1994	
466.5	2035	
467.5	2019	
468.5	2069	
469.5	2077	
470.5	2205	
471.5	2134	
472.5	2135	
473.5	2029	
474.5	2089	
475.5	2075	
476.5	1931	
477.5	1965	
478.5	1962	
479.5	1950	
480.5	1962	
481.5	1977	
482.5	1795	
483.5	1753	
484.5	1703	
485.5	1647	
486.5	1646	
487.5	1508	
488.5	1437	
489.5	1477	
490.5	1440	
491.5	1311	
492.5	1251	
493.5	1125	
494.5	1071	
495.5	1076	
496.5	1000	
497.5	932	
498.5	884	
499.5	814	
500.5	781	
501.5	725	
502.5	640	
503.5	625	
504.5	564	
505.5	479	
506.5	495	
507.5	449	
508.5	408	
509.5	352	
510.5	283	
511.5	285	
512.5	286	
513.5	246	
514.5	207	
515.5	195	
516.5	195	
517.5	170	
518.5	149	
519.5	100	
520.5	111	
521.5	103	
522.5	93	
523.5	81	
524.5	68	
525.5	54	
526.5	56	
527.5	49	
528.5	38	
529.5	52	
530.5	37	
531.5	36	
532.5	42	
533.5	36	
534.5	31	
535.5	30	
536.5	26	
537.5	22	
538.5	28	
539.5	21	
540.5	33	
541.5	21	
542.5	27	
543.5	31	
544.5	19	
545.5	34	
546.5	27	
547.5	22	
548.5	26	
549.5	33	
550.5	26	
551.5	30	
552.5	32	
553.5	27	
554.5	32	
555.5	41	
556.5	30	
557.5	29	
558.5	30	
559.5	36	
560.5	35	
561.5	37	
562.5	32	
563.5	35	
564.5	45	
565.5	40	
566.5	36	
567.5	26	
568.5	33	
569.5	42	
570.5	34	
571.5	37	
572.5	31	
573.5	37	
574.5	39	
575.5	41	
576.5	44	
577.5	35	
578.5	41	
579.5	47	
580.5	38	
581.5	32	
582.5	41	
583.5	42	
584.5	31	
585.5	38	
586.5	50	
587.5	37	
588.5	56	
589.5	29	
590.5	39	
591.5	44	
592.5	37	
593.5	44	
594.5	57	
595.5	39	
596.5	43	
597.5	38	
598.5	38	
599.5	43	
600.5	47	
601.5	40	
602.5	36	
603.5	55	
604.5	42	
605.5	55	
606.5	45	
607.5	45	
608.5	49	
609.5	52	
610.5	57	
611.5	46	
612.5	35	
613.5	52	
614.5	42	
615.5	40	
616.5	47	
617.5	38	
618.5	46	
619.5	53	
620.5	64	
621.5	47	
622.5	42	
623.5	43	
624.5	47	
625.5	36	
626.5	52	
627.5	56	
628.5	54	
629.5	30	
630.5	52	
631.5	48	
632.5	49	
633.5	46	
634.5	48	
635.5	49	
636.5	56	
637.5	51	
638.5	42	
639.5	50	
640.5	49	
641.5	40	
642.5	53	
643.5	52	
644.5	46	
645.5	59	
646.5	62	
647.5	50	
648.5	53	
649.5	57	
650.5	54	
651.5	48	
652.5	63	
653.5	38	
654.5	57	
655.5	39	
656.5	62	
657.5	42	
658.5	49	
659.5	42	
660.5	43	
661.5	46	
662.5	41	
663.5	46	
664.5	41	
665.5	45	
666.5	47	
667.5	43	
668.5	55	
669.5	47	
670.5	43	
671.5	52	
672.5	39	
673.5	45	
674.5	44	
675.5	40	
676.5	58	
677.5	48	
678.5	32	
679.5	44	
680.5	43	
681.5	50	
682.5	49	
683.5	44	
684.5	40	
685.5	39	
686.5	36	
687.5	44	
688.5	46	
689.5	40	
690.5	34	
691.5	39	
692.5	41	
693.5	39	
694.5	48	
695.5	38	
696.5	46	
697.5	39	
698.5	32	
699.5	37	
700.5	28	
701.5	45	
702.5	32	
703.5	36	
704.5	28	
705.5	40	
706.5	46	
707.5	27	
708.5	22	
709.5	21	
710.5	27	
711.5	20	
712.5	24	
713.5	32	
714.5	25	
715.5	27	
716.5	29	
717.5	35	
718.5	25	
719.5	20	
720.5	24	
721.5	26	
722.5	21	
723.5	19	
724.5	27	
725.5	34	
726.5	23	
727.5	21	
728.5	19	
729.5	20	
730.5	22	
731.5	21	
732.5	18	
733.5	19	
734.5	17	
735.5	18	
736.5	16	
737.5	20	
738.5	10	
739.5	14	
740.5	15	
741.5	14	
742.5	14	
743.5	9	
744.5	19	
745.5	13	
746.5	11	
747.5	16	
748.5	16	
749.5	15	
750.5	16	
751.5	15	
752.5	13	
753.5	10	
754.5	14	
755.5	12	
756.5	12	
757.5	12	
758.5	10	
759.5	5	
760.5	12	
761.5	6	
762.5	11	
763.5	15	
764.5	6	
765.5	11	
766.5	9	
767.5	8	
768.5	14	
769.5	7	
770.5	5	
771.5	11	
772.5	16	
773.5	7	
774.5	9	
775.5	11	
776.5	14	
777.5	11	
778.5	12	
779.5	8	
780.5	18	
781.5	10	
782.5	10	
783.5	4	
784.5	8	
785.5	15	
786.5	9	
787.5	8	
788.5	8	
789.5	16	
790.5	13	
791.5	9	
792.5	8	
793.5	9	
794.5	16	
795.5	15	
796.5	13	
797.5	13	
798.5	9	
799.5	11	
800.5	8	
801.5	13	
802.5	14	
803.5	12	
804.5	9	
805.5	13	
806.5	10	
807.5	10	
808.5	10	
809.5	11	
810.5	15	
811.5	9	
812.5	13	
813.5	12	
814.5	5	
815.5	13	
816.5	11	
817.5	13	
818.5	10	
819.5	17	
820.5	11	
821.5	7	
822.5	18	
823.5	20	
824.5	11	
825.5	17	
826.5	19	
827.5	13	
828.5	16	
829.5	15	
830.5	16	
831.5	11	
832.5	16	
833.5	23	
834.5	11	
835.5	21	
836.5	16	
837.5	19	
838.5	16	
839.5	22	
840.5	21	
841.5	21	
842.5	20	
843.5	23	
844.5	16	
845.5	17	
846.5	33	
847.5	19	
848.5	24	
849.5	26	
850.5	27	
851.5	43	
852.5	38	
853.5	37	
854.5	35	
855.5	42	
856.5	53	
857.5	44	
858.5	54	
859.5	54	
860.5	72	
861.5	65	
862.5	75	
863.5	69	
864.5	91	
865.5	77	
866.5	88	
867.5	79	
868.5	89	
869.5	106	
870.5	109	
871.5	106	
872.5	124	
873.5	143	
874.5	143	
875.5	158	
876.5	165	
877.5	160	
878.5	173	
879.5	205	
880.5	215	
881.5	212	
882.5	233	
883.5	228	
884.5	269	
885.5	249	
886.5	298	
887.5	304	
888.5	326	
889.5	305	
890.5	334	
891.5	369	
892.5	395	
893.5	403	
894.5	461	
895.5	438	
896.5	475	
897.5	505	
898.5	487	
899.5	516	
900.5	531	
901.5	576	
902.5	577	
903.5	575	
904.5	662	
905.5	645	
906.5	609	
907.5	718	
908.5	679	
909.5	714	
910.5	781	
911.5	727	
912.5	827	
913.5	790	
914.5	857	
915.5	911	
916.5	846	
917.5	923	
918.5	921	
919.5	894	
920.5	966	
921.5	966	
922.5	967	
923.5	1024	
924.5	1052	
925.5	1014	
926.5	1023	
927.5	1076	
928.5	1024	
929.5	1027	
930.5	1129	
931.5	1122	
932.5	1085	
933.5	1118	
934.5	1065	
935.5	1084	
936.5	1128	
937.5	1131	
938.5	1080	
939.5	1097	
940.5	1114	
941.5	1167	
942.5	1091	
943.5	1116	
944.5	1096	
945.5	1042	
946.5	1062	
947.5	1131	
948.5	1062	
949.5	1034	
950.5	1047	
951.5	1066	
952.5	1028	
953.5	1044	
954.5	982	
955.5	1050	
956.5	993	
957.5	989	
958.5	935	
959.5	927	
960.5	947	
961.5	904	
962.5	939	
963.5	918	
964.5	806	
965.5	823	
966.5	757	
967.5	827	
968.5	761	
969.5	757	
970.5	741	
971.5	714	
972.5	654	
973.5	665	
974.5	649	
975.5	635	
976.5	616	
977.5	552	
978.5	550	
979.5	488	
980.5	499	
981.5	480	
982.5	476	
983.5	433	
984.5	409	
985.5	396	
986.5	403	
987.5	343	
988.5	344	
989.5	337	
990.5	319	
991.5	297	
992.5	310	
993.5	265	
994.5	230	
995.5	235	
996.5	200	
997.5	201	
998.5	220	
999.5	209	
1000.5	173	
1001.5	194	
1002.5	163	
1003.5	165	
1004.5	152	
1005.5	115	
1006.5	132	
1007.5	128	
1008.5	121	
1009.5	128	
1010.5	102	
1011.5	100	
1012.5	102	
1013.5	101	
1014.5	82	
1015.5	80	
1016.5	81	
1017.5	70	
1018.5	79	
1019.5	78	
1020.5	71	
1021.5	71	
1022.5	56	
1023.5	65	
1024.5	65	
1025.5	56	
1026.5	55	
1027.5	62	
1028.5	53	
1029.5	51	
1030.5	47	
1031.5	64	
1032.5	62	
1033.5	70	
1034.5	52	
1035.5	48	
1036.5	56	
1037.5	60	
1038.5	52	
1039.5	59	
1040.5	56	
1041.5	59	
1042.5	62	
1043.5	55	
1044.5	59	
1045.5	51	
1046.5	54	
1047.5	57	
1048.5	53	
1049.5	61	
1050.5	81	
1051.5	62	
1052.5	65	
1053.5	57	
1054.5	75	
1055.5	66	
1056.5	70	
1057.5	67	
1058.5	50	
1059.5	67	
1060.5	66	
1061.5	80	
1062.5	69	
1063.5	72	
1064.5	54	
1065.5	61	
1066.5	65	
1067.5	50	
1068.5	55	
1069.5	59	
1070.5	66	
1071.5	80	
1072.5	67	
1073.5	66	
1074.5	74	
1075.5	70	
1076.5	64	
1077.5	71	
1078.5	91	
1079.5	68	
1080.5	68	
1081.5	66	
1082.5	68	
1083.5	79	
1084.5	69	
1085.5	64	
1086.5	78	
1087.5	68	
1088.5	70	
1089.5	70	
1090.5	78	
1091.5	72	
1092.5	68	
1093.5	73	
1094.5	64	
1095.5	67	
1096.5	85	
1097.5	72	
1098.5	86	
1099.5	76	
1100.5	63	
1101.5	73	
1102.5	66	
1103.5	75	
1104.5	76	
1105.5	80	
1106.5	66	
1107.5	74	
1108.5	84	
1109.5	82	
1110.5	75	
1111.5	79	
1112.5	71	
1113.5	66	
1114.5	63	
1115.5	80	
1116.5	66	
1117.5	64	
1118.5	66	
1119.5	88	
1120.5	77	
1121.5	65	
1122.5	67	
1123.5	60	
1124.5	57	
1125.5	78	
1126.5	73	
1127.5	74	
1128.5	61	
1129.5	77	
1130.5	57	
1131.5	62	
1132.5	73	
1133.5	71	
1134.5	79	
1135.5	79	
1136.5	70	
1137.5	54	
1138.5	66	
1139.5	79	
1140.5	56	
1141.5	74	
1142.5	62	
1143.5	62	
1144.5	58	
1145.5	70	
1146.5	47	
1147.5	53	
1148.5	62	
1149.5	63	
1150.5	54	
1151.5	54	
1152.5	60	
1153.5	75	
1154.5	53	
1155.5	62	
1156.5	54	
1157.5	50	
1158.5	63	
1159.5	48	
1160.5	57	
1161.5	43	
1162.5	54	
1163.5	49	
1164.5	55	
1165.5	49	
1166.5	50	
1167.5	54	
1168.5	69	
1169.5	52	
1170.5	59	
1171.5	61	
1172.5	65	
1173.5	48	
1174.5	54	
1175.5	60	
1176.5	31	
1177.5	49	
1178.5	54	
1179.5	43	
1180.5	45	
1181.5	46	
1182.5	54	
1183.5	47	
1184.5	47	
1185.5	47	
1186.5	41	
1187.5	47	
1188.5	42	
1189.5	40	
1190.5	29	
1191.5	41	
1192.5	34	
1193.5	32	
1194.5	44	
1195.5	39	
1196.5	30	
1197.5	36	
1198.5	41	
1199.5	39	
1200.5	34	
1201.5	31	
1202.5	25	
1203.5	24	
1204.5	20	
1205.5	37	
1206.5	29	
1207.5	32	
1208.5	28	
1209.5	35	
1210.5	20	
1211.5	40	
1212.5	26	
1213.5	22	
1214.5	41	
1215.5	30	
1216.5	28	
1217.5	23	
1218.5	21	
1219.5	23	
1220.5	29	
1221.5	22	
1222.5	24	
1223.5	27	
1224.5	24	
1225.5	23	
1226.5	32	
1227.5	32	
1228.5	19	
1229.5	27	
1230.5	20	
1231.5	24	
1232.5	20	
1233.5	24	
1234.5	23	
1235.5	21	
1236.5	17	
1237.5	13	
1238.5	18	
1239.5	18	
1240.5	26	
1241.5	31	
1242.5	15	
1243.5	18	
1244.5	24	
1245.5	27	
1246.5	16	
1247.5	12	
1248.5	21	
1249.5	10	
1250.5	24	
1251.5	20	
1252.5	18	
1253.5	14	
1254.5	16	
1255.5	24	
1256.5	26	
1257.5	22	
1258.5	22	
1259.5	11	
1260.5	22	
1261.5	18	
1262.5	18	
1263.5	22	
1264.5	13	
1265.5	21	
1266.5	17	
1267.5	20	
1268.5	24	
1269.5	16	
1270.5	16	
1271.5	17	
1272.5	19	
1273.5	21	
1274.5	22	
1275.5	18	
1276.5	16	
1277.5	19	
1278.5	17	
1279.5	16	
1280.5	22	
1281.5	18	
1282.5	23	
1283.5	20	
1284.5	19	
1285.5	19	
1286.5	21	
1287.5	21	
1288.5	21	
1289.5	32	
1290.5	27	
1291.5	21	
1292.5	26	
1293.5	20	
1294.5	31	
1295.5	39	
1296.5	34	
1297.5	35	
1298.5	36	
1299.5	28	
1300.5	35	
1301.5	25	
1302.5	46	
1303.5	40	
1304.5	33	
1305.5	48	
1306.5	46	
1307.5	32	
1308.5	52	
1309.5	52	
1310.5	53	
1311.5	58	
1312.5	69	
1313.5	56	
1314.5	47	
1315.5	48	
1316.5	59	
1317.5	62	
1318.5	51	
1319.5	71	
1320.5	73	
1321.5	78	
1322.5	72	
1323.5	81	
1324.5	89	
1325.5	75	
1326.5	81	
1327.5	102	
1328.5	94	
1329.5	92	
1330.5	86	
1331.5	117	
1332.5	123	
1333.5	124	
1334.5	134	
1335.5	119	
1336.5	136	
1337.5	125	
1338.5	129	
1339.5	123	
1340.5	132	
1341.5	147	
1342.5	158	
1343.5	169	
1344.5	180	
1345.5	172	
1346.5	175	
1347.5	211	
1348.5	190	
1349.5	205	
1350.5	221	
1351.5	225	
1352.5	234	
1353.5	253	
1354.5	223	
1355.5	212	
1356.5	248	
1357.5	254	
1358.5	258	
1359.5	300	
1360.5	271	
1361.5	292	
1362.5	293	
1363.5	304	
1364.5	284	
1365.5	321	
1366.5	327	
1367.5	299	
1368.5	322	
1369.5	347	
1370.5	344	
1371.5	305	
1372.5	351	
1373.5	340	
1374.5	348	
1375.5	321	
1376.5	366	
1377.5	369	
1378.5	360	
1379.5	389	
1380.5	364	
1381.5	402	
1382.5	379	
1383.5	394	
1384.5	434	
1385.5	413	
1386.5	410	
1387.5	409	
1388.5	427	
1389.5	429	
1390.5	457	
1391.5	401	
1392.5	426	
1393.5	430	
1394.5	447	
1395.5	462	
1396.5	447	
1397.5	440	
1398.5	440	
1399.5	423	
1400.5	470	
1401.5	443	
1402.5	435	
1403.5	489	
1404.5	444	
1405.5	420	
1406.5	445	
1407.5	474	
1408.5	426	
1409.5	461	
1410.5	441	
1411.5	477	
1412.5	465	
1413.5	452	
1414.5	502	
1415.5	459	
1416.5	469	
1417.5	454	
1418.5	452	
1419.5	449	
1420.5	454	
1421.5	460	
1422.5	438	
1423.5	452	
1424.5	415	
1425.5	418	
1426.5	428	
1427.5	443	
1428.5	436	
1429.5	398	
1430.5	439	
1431.5	384	
1432.5	452	
1433.5	418	
1434.5	379	
1435.5	420	
1436.5	395	
1437.5	384	
1438.5	377	
1439.5	341	
1440.5	380	
1441.5	370	
1442.5	369	
1443.5	381	
1444.5	342	
1445.5	364	
1446.5	345	
1447.5	325	
1448.5	344	
1449.5	312	
1450.5	314	
1451.5	293	
1452.5	274	
1453.5	298	
1454.5	285	
1455.5	291	
1456.5	294	
1457.5	295	
1458.5	305	
1459.5	270	
1460.5	232	
1461.5	243	
1462.5	270	
1463.5	218	
1464.5	207	
1465.5	212	
1466.5	209	
1467.5	195	
1468.5	191	
1469.5	189	
1470.5	181	
1471.5	179	
1472.5	174	
1473.5	157	
1474.5	154	
1475.5	150	
1476.5	160	
1477.5	134	
1478.5	134	
1479.5	122	
1480.5	135	
1481.5	114	
1482.5	111	
1483.5	136	
1484.5	106	
1485.5	111	
1486.5	112	
1487.5	114	
1488.5	93	
1489.5	98	
1490.5	83	
1491.5	62	
1492.5	82	
1493.5	79	
1494.5	62	
1495.5	79	
1496.5	73	
1497.5	89	
1498.5	76	
1499.5	62	
1500.5	77	
1501.5	73	
1502.5	77	
1503.5	67	
1504.5	68	
1505.5	80	
1506.5	61	
1507.5	74	
1508.5	70	
1509.5	62	
1510.5	52	
1511.5	67	
1512.5	55	
1513.5	66	
1514.5	52	
1515.5	43	
1516.5	54	
1517.5	49	
1518.5	52	
1519.5	51	
1520.5	56	
1521.5	58	
1522.5	47	
1523.5	56	
1524.5	46	
1525.5	49	
1526.5	47	
1527.5	38	
1528.5	51	
1529.5	53	
1530.5	57	
1531.5	49	
1532.5	50	
1533.5	47	
1534.5	57	
1535.5	44	
1536.5	54	
1537.5	59	
1538.5	54	
1539.5	60	
1540.5	58	
1541.5	64	
1542.5	44	
1543.5	64	
1544.5	58	
1545.5	51	
1546.5	66	
1547.5	69	
1548.5	59	
1549.5	55	
1550.5	44	
1551.5	58	
1552.5	54	
1553.5	67	
1554.5	58	
1555.5	49	
1556.5	67	
1557.5	48	
1558.5	54	
1559.5	60	
1560.5	60	
1561.5	66	
1562.5	58	
1563.5	49	
1564.5	54	
1565.5	58	
1566.5	62	
1567.5	62	
1568.5	54	
1569.5	61	
1570.5	64	
1571.5	67	
1572.5	54	
1573.5	53	
1574.5	42	
1575.5	62	
1576.5	64	
1577.5	54	
1578.5	53	
1579.5	49	
1580.5	64	
1581.5	62	
1582.5	61	
1583.5	39	
1584.5	58	
1585.5	51	
1586.5	49	
1587.5	60	
1588.5	59	
1589.5	47	
1590.5	57	
1591.5	58	
1592.5	64	
1593.5	53	
1594.5	52	
1595.5	60	
1596.5	47	
1597.5	56	
1598.5	62	
1599.5	63	
1600.5	36	
1601.5	60	
1602.5	50	
1603.5	47	
1604.5	46	
1605.5	56	
1606.5	52	
1607.5	38	
1608.5	52	
1609.5	52	
1610.5	45	
1611.5	50	
1612.5	48	
1613.5	62	
1614.5	50	
1615.5	50	
1616.5	58	
1617.5	43	
1618.5	55	
1619.5	51	
1620.5	44	
1621.5	49	
1622.5	45	
1623.5	41	
1624.5	45	
1625.5	57	
1626.5	53	
1627.5	56	
1628.5	45	
1629.5	47	
1630.5	48	
1631.5	40	
1632.5	43	
1633.5	45	
1634.5	46	
1635.5	30	
1636.5	49	
1637.5	44	
1638.5	37	
1639.5	40	
1640.5	38	
1641.5	39	
1642.5	40	
1643.5	39	
1644.5	42	
1645.5	36	
1646.5	38	
1647.5	44	
1648.5	50	
1649.5	48	
1650.5	43	
1651.5	37	
1652.5	43	
1653.5	32	
1654.5	35	
1655.5	39	
1656.5	31	
1657.5	31	
1658.5	36	
1659.5	60	
1660.5	29	
1661.5	28	
1662.5	38	
1663.5	35	
1664.5	31	
1665.5	32	
1666.5	37	
1667.5	37	
1668.5	28	
1669.5	28	
1670.5	25	
1671.5	33	
1672.5	26	
1673.5	24	
1674.5	30	
1675.5	31	
1676.5	32	
1677.5	32	
1678.5	31	
1679.5	26	
1680.5	23	
1681.5	30	
1682.5	17	
1683.5	34	
1684.5	35	
1685.5	35	
1686.5	29	
1687.5	25	
1688.5	27	
1689.5	32	
1690.5	30	
1691.5	22	
1692.5	28	
1693.5	24	
1694.5	21	
1695.5	24	
1696.5	20	
1697.5	18	
1698.5	24	
1699.5	26	
1700.5	20	
1701.5	25	
1702.5	26	
1703.5	23	
1704.5	18	
1705.5	20	
1706.5	33	
1707.5	18	
1708.5	32	
1709.5	16	
1710.5	23	
1711.5	18	
1712.5	25	
1713.5	15	
1714.5	27	
1715.5	19	
1716.5	25	
1717.5	23	
1718.5	14	
1719.5	15	
1720.5	20	
1721.5	19	
1722.5	17	
1723.5	21	
1724.5	18	
1725.5	22	
1726.5	21	
1727.5	25	
1728.5	30	
1729.5	30	
1730.5	15	
1731.5	22	
1732.5	20	
1733.5	17	
1734.5	20	
1735.5	19	
1736.5	23	
1737.5	19	
1738.5	22	
1739.5	19	
1740.5	27	
1741.5	24	
1742.5	20	
1743.5	25	
1744.5	15	
1745.5	19	
1746.5	31	
1747.5	17	
1748.5	20	
1749.5	28	
1750.5	14	
1751.5	20	
1752.5	19	
1753.5	21	
1754.5	21	
1755.5	25	
1756.5	28	
1757.5	20	
1758.5	23	
1759.5	23	
1760.5	34	
1761.5	30	
1762.5	38	
1763.5	31	
1764.5	32	
1765.5	26	
1766.5	33	
1767.5	36	
1768.5	32	
1769.5	32	
1770.5	43	
1771.5	44	
1772.5	39	
1773.5	36	
1774.5	45	
1775.5	42	
1776.5	39	
1777.5	39	
1778.5	54	
1779.5	47	
1780.5	48	
1781.5	54	
1782.5	48	
1783.5	64	
1784.5	53	
1785.5	46	
1786.5	52	
1787.5	49	
1788.5	73	
1789.5	69	
1790.5	60	
1791.5	74	
1792.5	70	
1793.5	72	
1794.5	65	
1795.5	65	
1796.5	72	
1797.5	73	
1798.5	60	
1799.5	77	
1800.5	75	
1801.5	82	
1802.5	79	
1803.5	94	
1804.5	104	
1805.5	74	
1806.5	92	
1807.5	106	
1808.5	93	
1809.5	102	
1810.5	84	
1811.5	100	
1812.5	94	
1813.5	100	
1814.5	112	
1815.5	86	
1816.5	107	
1817.5	123	
1818.5	107	
1819.5	100	
1820.5	101	
1821.5	117	
1822.5	115	
1823.5	123	
1824.5	120	
1825.5	106	
1826.5	119	
1827.5	114	
1828.5	135	
1829.5	133	
1830.5	117	
1831.5	133	
1832.5	123	
1833.5	130	
1834.5	123	
1835.5	137	
1836.5	135	
1837.5	122	
1838.5	113	
1839.5	133	
1840.5	153	
1841.5	131	
1842.5	157	
1843.5	131	
1844.5	137	
1845.5	130	
1846.5	121	
1847.5	140	
1848.5	154	
1849.5	135	
1850.5	150	
1851.5	146	
1852.5	146	
1853.5	138	
1854.5	169	
1855.5	147	
1856.5	154	
1857.5	146	
1858.5	151	
1859.5	172	
1860.5	159	
1861.5	142	
1862.5	129	
1863.5	189	
1864.5	147	
1865.5	145	
1866.5	183	
1867.5	158	
1868.5	141	
1869.5	183	
1870.5	151	
1871.5	138	
1872.5	156	
1873.5	153	
1874.5	155	
1875.5	146	
1876.5	149	
1877.5	164	
1878.5	157	
1879.5	161	
1880.5	159	
1881.5	133	
1882.5	172	
1883.5	137	
1884.5	156	
1885.5	164	
1886.5	156	
1887.5	155	
1888.5	159	
1889.5	177	
1890.5	167	
1891.5	182	
1892.5	163	
1893.5	162	
1894.5	162	
1895.5	151	
1896.5	146	
1897.5	147	
1898.5	150	
1899.5	138	
1900.5	144	
1901.5	140	
1902.5	133	
1903.5	150	
1904.5	174	
1905.5	162	
1906.5	121	
1907.5	142	
1908.5	132	
1909.5	132	
1910.5	155	
1911.5	148	
1912.5	140	
1913.5	129	
1914.5	143	
1915.5	150	
1916.5	127	
1917.5	125	
1918.5	136	
1919.5	133	
1920.5	135	
1921.5	129	
1922.5	131	
1923.5	120	
1924.5	116	
1925.5	136	
1926.5	114	
1927.5	115	
1928.5	119	
1929.5	124	
1930.5	130	
1931.5	100	
1932.5	113	
1933.5	105	
1934.5	100	
1935.5	110	
1936.5	98	
1937.5	97	
1938.5	99	
1939.5	104	
1940.5	99	
1941.5	95	
1942.5	106	
1943.5	92	
1944.5	84	
1945.5	69	
1946.5	82	
1947.5	106	
1948.5	85	
1949.5	85	
1950.5	86	
1951.5	84	
1952.5	85	
1953.5	77	
1954.5	80	
1955.5	73	
1956.5	57	
1957.5	66	
1958.5	62	
1959.5	64	
1960.5	60	
1961.5	63	
1962.5	63	
1963.5	55	
1964.5	58	
1965.5	60	
1966.5	68	
1967.5	66	
1968.5	55	
1969.5	58	
1970.5	52	
1971.5	50	
1972.5	66	
1973.5	44	
1974.5	59	
1975.5	39	
1976.5	45	
1977.5	42	
1978.5	40	
1979.5	43	
1980.5	53	
1981.5	27	
1982.5	38	
1983.5	33	
1984.5	40	
1985.5	41	
1986.5	37	
1987.5	45	
1988.5	39	
1989.5	41	
1990.5	41	
1991.5	40	
1992.5	29	
1993.5	30	
1994.5	37	
1995.5	32	
1996.5	34	
1997.5	27	
1998.5	34	
1999.5	26	
2000.5	33	
2001.5	41	
2002.5	29	
2003.5	24	
2004.5	43	
2005.5	39	
2006.5	35	
2007.5	33	
2008.5	40	
2009.5	43	
2010.5	34	
2011.5	31	
2012.5	46	
2013.5	29	
2014.5	35	
2015.5	43	
2016.5	34	
2017.5	28	
2018.5	32	
2019.5	37	
2020.5	39	
2021.5	27	
2022.5	33	
2023.5	30	
2024.5	21	
2025.5	31	
2026.5	31	
2027.5	32	
2028.5	37	
2029.5	35	
2030.5	30	
2031.5	32	
2032.5	38	
2033.5	33	
2034.5	33	
2035.5	21	
2036.5	41	
2037.5	30	
2038.5	32	
2039.5	35	
2040.5	33	
2041.5	34	
2042.5	24	
2043.5	31	
2044.5	28	
2045.5	35	
2046.5	46	
2047.5	24	
2048.5	37	
2049.5	25	
2050.5	35	
2051.5	33	
2052.5	41	
2053.5	34	
2054.5	28	
2055.5	32	
2056.5	39	
2057.5	25	
2058.5	28	
2059.5	41	
2060.5	34	
2061.5	22	
2062.5	28	
2063.5	43	
2064.5	32	
2065.5	31	
2066.5	23	
2067.5	36	
2068.5	27	
2069.5	32	
2070.5	24	
2071.5	22	
2072.5	28	
2073.5	28	
2074.5	32	
2075.5	23	
2076.5	22	
2077.5	21	
2078.5	29	
2079.5	30	
2080.5	29	
2081.5	29	
2082.5	26	
2083.5	28	
2084.5	19	
2085.5	18	
2086.5	31	
2087.5	35	
2088.5	29	
2089.5	32	
2090.5	22	
2091.5	19	
2092.5	29	
2093.5	28	
2094.5	29	
2095.5	27	
2096.5	23	
2097.5	22	
2098.5	22	
2099.5	16	
2100.5	20	
2101.5	30	
2102.5	11	
2103.5	23	
2104.5	24	
2105.5	17	
2106.5	18	
2107.5	24	
2108.5	25	
2109.5	22	
2110.5	23	
2111.5	24	
2112.5	22	
2113.5	22	
2114.5	24	
2115.5	25	
2116.5	26	
2117.5	23	
2118.5	23	
2119.5	21	
2120.5	24	
2121.5	18	
2122.5	21	
2123.5	14	
2124.5	17	
2125.5	32	
2126.5	20	
2127.5	23	
2128.5	20	
2129.5	25	
2130.5	21	
2131.5	16	
2132.5	21	
2133.5	19	
2134.5	13	
2135.5	18	
2136.5	25	
2137.5	16	
2138.5	20	
2139.5	14	
2140.5	27	
2141.5	21	
2142.5	27	
2143.5	17	
2144.5	16	
2145.5	25	
2146.5	23	
2147.5	18	
2148.5	16	
2149.5	17	
2150.5	20	
2151.5	18	
2152.5	16	
2153.5	25	
2154.5	14	
2155.5	19	
2156.5	18	
2157.5	22	
2158.5	19	
2159.5	19	
2160.5	15	
2161.5	24	
2162.5	10	
2163.5	13	
2164.5	19	
2165.5	17	
2166.5	17	
2167.5	22	
2168.5	13	
2169.5	20	
2170.5	9	
2171.5	12	
2172.5	16	
2173.5	17	
2174.5	19	
2175.5	16	
2176.5	17	
2177.5	7	
2178.5	17	
2179.5	12	
2180.5	16	
2181.5	18	
2182.5	15	
2183.5	15	
2184.5	15	
2185.5	17	
2186.5	13	
2187.5	19	
2188.5	14	
2189.5	17	
2190.5	11	
2191.5	15	
2192.5	11	
2193.5	15	
2194.5	17	
2195.5	12	
2196.5	12	
2197.5	10	
2198.5	15	
2199.5	10	
2200.5	7	
2201.5	17	
2202.5	15	
2203.5	18	
2204.5	11	
2205.5	16	
2206.5	12	
2207.5	17	
2208.5	9	
2209.5	15	
2210.5	14	
2211.5	9	
2212.5	6	
2213.5	19	
2214.5	19	
2215.5	15	
2216.5	11	
2217.5	19	
2218.5	7	
2219.5	22	
2220.5	12	
2221.5	20	
2222.5	14	
2223.5	15	
2224.5	22	
2225.5	16	
2226.5	22	
2227.5	12	
2228.5	15	
2229.5	20	
2230.5	27	
2231.5	21	
2232.5	16	
2233.5	25	
2234.5	13	
2235.5	15	
2236.5	17	
2237.5	21	
2238.5	21	
2239.5	25	
2240.5	18	
2241.5	23	
2242.5	22	
2243.5	26	
2244.5	31	
2245.5	22	
2246.5	28	
2247.5	15	
2248.5	24	
2249.5	20	
2250.5	31	
2251.5	27	
2252.5	29	
2253.5	32	
2254.5	27	
2255.5	23	
2256.5	30	
2257.5	29	
2258.5	30	
2259.5	33	
2260.5	39	
2261.5	40	
2262.5	29	
2263.5	33	
2264.5	26	
2265.5	42	
2266.5	28	
2267.5	33	
2268.5	35	
2269.5	31	
2270.5	34	
2271.5	39	
2272.5	44	
2273.5	40	
2274.5	35	
2275.5	36	
2276.5	27	
2277.5	39	
2278.5	36	
2279.5	47	
2280.5	45	
2281.5	36	
2282.5	45	
2283.5	46	
2284.5	44	
2285.5	37	
2286.5	58	
2287.5	36	
2288.5	52	
2289.5	39	
2290.5	42	
2291.5	43	
2292.5	46	
2293.5	36	
2294.5	49	
2295.5	41	
2296.5	39	
2297.5	34	
2298.5	38	
2299.5	49	
2300.5	41	
2301.5	39	
2302.5	42	
2303.5	44	
2304.5	47	
2305.5	41	
2306.5	35	
2307.5	45	
2308.5	41	
2309.5	52	
2310.5	39	
2311.5	42	
2312.5	51	
2313.5	37	
2314.5	36	
2315.5	49	
2316.5	46	
2317.5	57	
2318.5	48	
2319.5	46	
2320.5	40	
2321.5	53	
2322.5	51	
2323.5	58	
2324.5	48	
2325.5	48	
2326.5	49	
2327.5	41	
2328.5	49	
2329.5	49	
2330.5	48	
2331.5	52	
2332.5	52	
2333.5	41	
2334.5	40	
2335.5	52	
2336.5	57	
2337.5	47	
2338.5	43	
2339.5	47	
2340.5	51	
2341.5	59	
2342.5	40	
2343.5	47	
2344.5	43	
2345.5	45	
2346.5	46	
2347.5	48	
2348.5	53	
2349.5	48	
2350.5	54	
2351.5	59	
2352.5	44	
2353.5	53	
2354.5	38	
2355.5	50	
2356.5	52	
2357.5	51	
2358.5	43	
2359.5	40	
2360.5	39	
2361.5	50	
2362.5	50	
2363.5	59	
2364.5	57	
2365.5	47	
2366.5	52	
2367.5	51	
2368.5	44	
2369.5	44	
2370.5	55	
2371.5	35	
2372.5	56	
2373.5	34	
2374.5	49	
2375.5	49	
2376.5	64	
2377.5	46	
2378.5	61	
2379.5	38	
2380.5	48	
2381.5	38	
2382.5	49	
2383.5	44	
2384.5	35	
2385.5	44	
2386.5	53	
2387.5	52	
2388.5	48	
2389.5	39	
2390.5	60	
2391.5	32	
2392.5	36	
2393.5	47	
2394.5	49	
2395.5	45	
2396.5	38	
2397.5	49	
2398.5	53	
2399.5	42	
2400.5	32	
2401.5	40	
2402.5	46	
2403.5	37	
2404.5	47	
2405.5	37	
2406.5	48	
2407.5	33	
2408.5	49	
2409.5	30	
2410.5	39	
2411.5	36	
2412.5	42	
2413.5	38	
2414.5	35	
2415.5	30	
2416.5	32	
2417.5	34	
2418.5	26	
2419.5	26	
2420.5	28	
2421.5	26	
2422.5	36	
2423.5	39	
2424.5	27	
2425.5	38	
2426.5	32	
2427.5	29	
2428.5	32	
2429.5	38	
2430.5	23	
2431.5	18	
2432.5	28	
2433.5	34	
2434.5	28	
2435.5	23	
2436.5	32	
2437.5	19	
2438.5	29	
2439.5	35	
2440.5	26	
2441.5	24	
2442.5	28	
2443.5	25	
2444.5	29	
2445.5	26	
2446.5	27	
2447.5	33	
2448.5	21	
2449.5	15	
2450.5	25	
2451.5	25	
2452.5	23	
2453.5	16	
2454.5	18	
2455.5	14	
2456.5	13	
2457.5	23	
2458.5	18	
2459.5	21	
2460.5	19	
2461.5	25	
2462.5	25	
2463.5	17	
2464.5	25	
2465.5	19	
2466.5	13	
2467.5	17	
2468.5	22	
2469.5	20	
2470.5	17	
2471.5	18	
2472.5	13	
2473.5	16	
2474.5	11	
2475.5	11	
2476.5	18	
2477.5	20	
2478.5	20	
2479.5	5	
2480.5	21	
2481.5	10	
2482.5	12	
2483.5	16	
2484.5	12	
2485.5	13	
2486.5	12	
2487.5	13	
2488.5	15	
2489.5	13	
2490.5	15	
2491.5	12	
2492.5	13	
2493.5	16	
2494.5	15	
2495.5	12	
2496.5	10	
2497.5	12	
2498.5	8	
2499.5	11	
2500.5	16	
2501.5	15	
2502.5	10	
2503.5	11	
2504.5	10	
2505.5	12	
2506.5	10	
2507.5	22	
2508.5	12	
2509.5	12	
2510.5	18	
2511.5	5	
2512.5	14	
2513.5	15	
2514.5	15	
2515.5	9	
2516.5	17	
2517.5	7	
2518.5	14	
2519.5	12	
2520.5	12	
2521.5	13	
2522.5	11	
2523.5	13	
2524.5	14	
2525.5	5	
2526.5	11	
2527.5	8	
2528.5	10	
2529.5	7	
2530.5	10	
2531.5	14	
2532.5	7	
2533.5	11	
2534.5	7	
2535.5	9	
2536.5	9	
2537.5	17	
2538.5	17	
2539.5	12	
2540.5	18	
2541.5	15	
2542.5	17	
2543.5	17	
2544.5	17	
2545.5	12	
2546.5	9	
2547.5	12	
2548.5	8	
2549.5	12	
2550.5	8	
2551.5	10	
2552.5	14	
2553.5	16	
2554.5	11	
2555.5	12	
2556.5	10	
2557.5	15	
2558.5	9	
2559.5	12	
2560.5	14	
2561.5	18	
2562.5	14	
2563.5	14	
2564.5	10	
2565.5	11	
2566.5	9	
2567.5	11	
2568.5	14	
2569.5	11	
2570.5	8	
2571.5	6	
2572.5	12	
2573.5	12	
2574.5	11	
2575.5	11	
2576.5	11	
2577.5	11	
2578.5	11	
2579.5	8	
2580.5	11	
2581.5	12	
2582.5	11	
2583.5	7	
2584.5	10	
2585.5	14	
2586.5	12	
2587.5	9	
2588.5	10	
2589.5	9	
2590.5	7	
2591.5	11	
2592.5	5	
2593.5	6	
2594.5	8	
2595.5	11	
2596.5	14	
2597.5	14	
2598.5	13	
2599.5	12	
2600.5	12	
2601.5	11	
2602.5	11	
2603.5	13	
2604.5	6	
2605.5	6	
2606.5	8	
2607.5	9	
2608.5	11	
2609.5	13	
2610.5	15	
2611.5	14	
2612.5	6	
2613.5	11	
2614.5	8	
2615.5	8	
2616.5	8	
2617.5	7	
2618.5	5	
2619.5	11	
2620.5	7	
2621.5	10	
2622.5	9	
2623.5	6	
2624.5	12	
2625.5	9	
2626.5	16	
2627.5	7	
2628.5	7	
2629.5	8	
2630.5	9	
2631.5	4	
2632.5	7	
2633.5	6	
2634.5	7	
2635.5	10	
2636.5	10	
2637.5	9	
2638.5	8	
2639.5	7	
2640.5	5	
2641.5	11	
2642.5	5	
2643.5	6	
2644.5	9	
2645.5	4	
2646.5	11	
2647.5	6	
2648.5	9	
2649.5	6	
2650.5	10	
2651.5	12	
2652.5	13	
2653.5	6	
2654.5	6	
2655.5	9	
2656.5	4	
2657.5	12	
2658.5	8	
2659.5	3	
2660.5	8	
2661.5	8	
2662.5	7	
2663.5	14	
2664.5	6	
2665.5	10	
2666.5	15	
2667.5	13	
2668.5	4	
2669.5	11	
2670.5	9	
2671.5	2	
2672.5	3	
2673.5	9	
2674.5	6	
2675.5	9	
2676.5	10	
2677.5	4	
2678.5	10	
2679.5	4	
2680.5	4	
2681.5	6	
2682.5	4	
2683.5	7	
2684.5	4	
2685.5	9	
2686.5	14	
2687.5	8	
2688.5	6	
2689.5	12	
2690.5	9	
2691.5	7	
2692.5	8	
2693.5	8	
2694.5	6	
2695.5	7	
2696.5	12	
2697.5	6	
2698.5	11	
2699.5	15	
2700.5	13	
2701.5	4	
2702.5	10	
2703.5	9	
2704.5	8	
2705.5	6	
2706.5	12	
2707.5	14	
2708.5	7	
2709.5	15	
2710.5	7	
2711.5	8	
2712.5	9	
2713.5	11	
2714.5	6	
2715.5	8	
2716.5	12	
2717.5	10	
2718.5	6	
2719.5	7	
2720.5	11	
2721.5	7	
2722.5	6	
2723.5	14	
2724.5	10	
2725.5	7	
2726.5	16	
2727.5	10	
2728.5	8	
2729.5	10	
2730.5	7	
2731.5	10	
2732.5	11	
2733.5	10	
2734.5	14	
2735.5	14	
2736.5	11	
2737.5	13	
2738.5	5	
2739.5	14	
2740.5	13	
2741.5	12	
2742.5	13	
2743.5	13	
2744.5	12	
2745.5	10	
2746.5	17	
2747.5	13	
2748.5	15	
2749.5	10	
2750.5	13	
2751.5	12	
2752.5	13	
2753.5	11	
2754.5	9	
2755.5	11	
2756.5	10	
2757.5	13	
2758.5	12	
2759.5	17	
2760.5	15	
2761.5	16	
2762.5	12	
2763.5	13	
2764.5	11	
2765.5	13	
2766.5	14	
2767.5	11	
2768.5	9	
2769.5	10	
2770.5	20	
2771.5	16	
2772.5	9	
2773.5	6	
2774.5	10	
2775.5	11	
2776.5	15	
2777.5	12	
2778.5	21	
2779.5	12	
2780.5	19	
2781.5	15	
2782.5	16	
2783.5	10	
2784.5	13	
2785.5	9	
2786.5	10	
2787.5	15	
2788.5	14	
2789.5	18	
2790.5	12	
2791.5	13	
2792.5	16	
2793.5	9	
2794.5	12	
2795.5	15	
2796.5	12	
2797.5	15	
2798.5	11	
2799.5	11	
2800.5	15	
2801.5	9	
2802.5	11	
2803.5	12	
2804.5	9	
2805.5	21	
2806.5	9	
2807.5	11	
2808.5	11	
2809.5	18	
2810.5	14	
2811.5	14	
2812.5	13	
2813.5	15	
2814.5	11	
2815.5	11	
2816.5	10	
2817.5	15	
2818.5	15	
2819.5	13	
2820.5	14	
2821.5	12	
2822.5	5	
2823.5	11	
2824.5	9	
2825.5	10	
2826.5	17	
2827.5	14	
2828.5	14	
2829.5	11	
2830.5	17	
2831.5	14	
2832.5	9	
2833.5	14	
2834.5	8	
2835.5	11	
2836.5	6	
2837.5	4	
2838.5	9	
2839.5	14	
2840.5	12	
2841.5	9	
2842.5	10	
2843.5	15	
2844.5	13	
2845.5	13	
2846.5	16	
2847.5	15	
2848.5	17	
2849.5	17	
2850.5	18	
2851.5	19	
2852.5	19	
2853.5	7	
2854.5	9	
2855.5	11	
2856.5	14	
2857.5	18	
2858.5	14	
2859.5	5	
2860.5	11	
2861.5	14	
2862.5	17	
2863.5	14	
2864.5	9	
2865.5	17	
2866.5	12	
2867.5	13	
2868.5	13	
2869.5	16	
2870.5	6	
2871.5	16	
2872.5	19	
2873.5	11	
2874.5	11	
2875.5	11	
2876.5	12	
2877.5	8	
2878.5	14	
2879.5	10	
2880.5	10	
2881.5	12	
2882.5	16	
2883.5	16	
2884.5	11	
2885.5	13	
2886.5	10	
2887.5	9	
2888.5	9	
2889.5	9	
2890.5	9	
2891.5	8	
2892.5	8	
2893.5	4	
2894.5	13	
2895.5	17	
2896.5	14	
2897.5	10	
2898.5	10	
2899.5	8	
2900.5	11	
2901.5	11	
2902.5	9	
2903.5	10	
2904.5	14	
2905.5	17	
2906.5	12	
2907.5	7	
2908.5	12	
2909.5	8	
2910.5	5	
2911.5	4	
2912.5	5	
2913.5	9	
2914.5	8	
2915.5	11	
2916.5	7	
2917.5	2	
2918.5	12	
2919.5	8	
2920.5	8	
2921.5	10	
2922.5	7	
2923.5	7	
2924.5	8	
2925.5	3	
2926.5	12	
2927.5	9	
2928.5	8	
2929.5	7	
2930.5	5	
2931.5	5	
2932.5	8	
2933.5	12	
2934.5	9	
2935.5	6	
2936.5	8	
2937.5	4	
2938.5	5	
2939.5	5	
2940.5	6	
2941.5	6	
2942.5	7	
2943.5	6	
2944.5	9	
2945.5	8	
2946.5	8	
2947.5	4	
2948.5	5	
2949.5	3	
2950.5	5	
2951.5	6	
2952.5	4	
2953.5	2	
2954.5	8	
2955.5	5	
2956.5	3	
2957.5	3	
2958.5	8	
2959.5	1	
2960.5	8	
2961.5	5	
2962.5	8	
2963.5	6	
2964.5	5	
2965.5	3	
2966.5	7	
2967.5	5	
2968.5	4	
2969.5	4	
2970.5	4	
2971.5	6	
2972.5	5	
2973.5	3	
2974.5	4	
2975.5	2	
2976.5	4	
2977.5	7	
2978.5	2	
2979.5	5	
2980.5	4	
2981.5	5	
2982.5	3	
2983.5	5	
2984.5	4	
2985.5	5	
2986.5	5	
2987.5	3	
2988.5	6	
2989.5	2	
2990.5	3	
2991.5	6	
2992.5	3	
2993.5	8	
2994.5	6	
2995.5	0	
2996.5	4	
2997.5	4	
2998.5	1	
2999.5	2	
3000.5	6	
3001.5	0	
3002.5	4	
3003.5	2	
3004.5	4	
3005.5	3	
3006.5	4	
3007.5	2	
3008.5	4	
3009.5	4	
3010.5	3	
3011.5	2	
3012.5	2	
3013.5	5	
3014.5	4	
3015.5	5	
3016.5	4	
3017.5	4	
3018.5	6	
3019.5	1	
3020.5	5	
3021.5	7	
3022.5	5	
3023.5	5	
3024.5	2	
3025.5	7	
3026.5	4	
3027.5	8	
3028.5	3	
3029.5	3	
3030.5	1	
3031.5	2	
3032.5	3	
3033.5	2	
3034.5	3	
3035.5	6	
3036.5	3	
3037.5	3	
3038.5	1	
3039.5	4	
3040.5	0	
3041.5	4	
3042.5	1	
3043.5	2	
3044.5	9	
3045.5	4	
3046.5	6	
3047.5	6	
3048.5	12	
3049.5	2	
3050.5	4	
3051.5	4	
3052.5	3	
3053.5	3	
3054.5	3	
3055.5	5	
3056.5	1	
3057.5	4	
3058.5	3	
3059.5	2	
3060.5	4	
3061.5	7	
3062.5	7	
3063.5	5	
3064.5	6	
3065.5	6	
3066.5	3	
3067.5	2	
3068.5	13	
3069.5	3	
3070.5	2	
3071.5	2	
3072.5	2	
3073.5	1	
3074.5	3	
3075.5	2	
3076.5	5	
3077.5	7	
3078.5	3	
3079.5	4	
3080.5	5	
3081.5	8	
3082.5	3	
3083.5	3	
3084.5	5	
3085.5	2	
3086.5	3	
3087.5	6	
3088.5	2	
3089.5	2	
3090.5	1	
3091.5	2	
3092.5	2	
3093.5	1	
3094.5	6	
3095.5	5	
3096.5	6	
3097.5	2	
3098.5	2	
3099.5	4	
3100.5	1	
3101.5	8	
3102.5	1	
3103.5	2	
3104.5	2	
3105.5	6	
3106.5	3	
3107.5	2	
3108.5	2	
3109.5	6	
3110.5	1	
3111.5	4	
3112.5	6	
3113.5	4	
3114.5	2	
3115.5	3	
3116.5	5	
3117.5	1	
3118.5	2	
3119.5	2	
3120.5	5	
3121.5	3	
3122.5	2	
3123.5	3	
3124.5	7	
3125.5	4	
3126.5	5	
3127.5	1	
3128.5	3	
3129.5	5	
3130.5	3	
3131.5	2	
3132.5	3	
3133.5	6	
3134.5	3	
3135.5	6	
3136.5	5	
3137.5	2	
3138.5	2	
3139.5	3	
3140.5	6	
3141.5	3	
3142.5	2	
3143.5	3	
3144.5	4	
3145.5	2	
3146.5	3	
3147.5	1	
3148.5	6	
3149.5	5	
3150.5	0	
3151.5	2	
3152.5	2	
3153.5	5	
3154.5	4	
3155.5	4	
3156.5	5	
3157.5	2	
3158.5	3	
3159.5	4	
3160.5	5	
3161.5	6	
3162.5	3	
3163.5	4	
3164.5	3	
3165.5	6	
3166.5	2	
3167.5	2	
3168.5	1	
3169.5	3	
3170.5	4	
3171.5	4	
3172.5	5	
3173.5	6	
3174.5	2	
3175.5	2	
3176.5	3	
3177.5	2	
3178.5	2	
3179.5	5	
3180.5	6	
3181.5	2	
3182.5	6	
3183.5	2	
3184.5	4	
3185.5	1	
3186.5	2	
3187.5	3	
3188.5	1	
3189.5	4	
3190.5	5	
3191.5	5	
3192.5	3	
3193.5	4	
3194.5	3	
3195.5	4	
3196.5	4	
3197.5	4	
3198.5	2	
3199.5	0	
3200.5	2	
3201.5	3	
3202.5	4	
3203.5	3	
3204.5	5	
3205.5	1	
3206.5	6	
3207.5	2	
3208.5	3	
3209.5	4	
3210.5	2	
3211.5	1	
3212.5	4	
3213.5	0	
3214.5	5	
3215.5	2	
3216.5	2	
3217.5	6	
3218.5	1	
3219.5	7	
3220.5	5	
3221.5	4	
3222.5	3	
3223.5	5	
3224.5	1	
3225.5	5	
3226.5	2	
3227.5	4	
3228.5	5	
3229.5	1	
3230.5	4	
3231.5	2	
3232.5	3	
3233.5	0	
3234.5	9	
3235.5	2	
3236.5	2	
3237.5	2	
3238.5	4	
3239.5	5	
3240.5	3	
3241.5	5	
3242.5	7	
3243.5	5	
3244.5	0	
3245.5	1	
3246.5	4	
3247.5	5	
3248.5	2	
3249.5	4	
3250.5	4	
3251.5	3	
3252.5	1	
3253.5	1	
3254.5	4	
3255.5	4	
3256.5	2	
3257.5	1	
3258.5	5	
3259.5	4	
3260.5	5	
3261.5	3	
3262.5	5	
3263.5	4	
3264.5	2	
3265.5	8	
3266.5	0	
3267.5	2	
3268.5	5	
3269.5	4	
3270.5	6	
3271.5	4	
3272.5	3	
3273.5	6	
3274.5	0	
3275.5	6	
3276.5	7	
3277.5	5	
3278.5	9	
3279.5	4	
3280.5	2	
3281.5	4	
3282.5	3	
3283.5	2	
3284.5	3	
3285.5	3	
3286.5	4	
3287.5	5	
3288.5	3	
3289.5	6	
3290.5	6	
3291.5	5	
3292.5	4	
3293.5	4	
3294.5	2	
3295.5	4	
3296.5	3	
3297.5	3	
3298.5	2	
3299.5	3	
3300.5	5	
3301.5	1	
3302.5	4	
3303.5	3	
3304.5	6	
3305.5	5	
3306.5	3	
3307.5	4	
3308.5	5	
3309.5	3	
3310.5	5	
3311.5	5	
3312.5	5	
3313.5	2	
3314.5	4	
3315.5	2	
3316.5	5	
3317.5	7	
3318.5	4	
3319.5	3	
3320.5	6	
3321.5	0	
3322.5	2	
3323.5	4	
3324.5	2	
3325.5	2	
3326.5	3	
3327.5	3	
3328.5	2	
3329.5	5	
3330.5	4	
3331.5	5	
3332.5	5	
3333.5	3	
3334.5	6	
3335.5	1	
3336.5	0	
3337.5	3	
3338.5	3	
3339.5	4	
3340.5	5	
3341.5	4	
3342.5	2	
3343.5	4	
3344.5	1	
3345.5	4	
3346.5	4	
3347.5	1	
3348.5	1	
3349.5	1	
3350.5	5	
3351.5	2	
3352.5	5	
3353.5	5	
3354.5	2	
3355.5	1	
3356.5	2	
3357.5	0	
3358.5	4	
3359.5	5	
3360.5	4	
3361.5	5	
3362.5	2	
3363.5	0	
3364.5	5	
3365.5	1	
3366.5	3	
3367.5	4	
3368.5	1	
3369.5	3	
3370.5	2	
3371.5	4	
3372.5	6	
3373.5	2	
3374.5	1	
3375.5	3	
3376.5	1	
3377.5	1	
3378.5	2	
3379.5	0	
3380.5	4	
3381.5	5	
3382.5	2	
3383.5	2	
3384.5	4	
3385.5	3	
3386.5	2	
3387.5	1	
3388.5	3	
3389.5	2	
3390.5	3	
3391.5	1	
3392.5	2	
3393.5	4	
3394.5	2	
3395.5	5	
3396.5	2	
3397.5	1	
3398.5	1	
3399.5	4	
3400.5	1	
3401.5	3	
3402.5	1	
3403.5	4	
3404.5	2	
3405.5	2	
3406.5	3	
3407.5	1	
3408.5	2	
3409.5	2	
3410.5	1	
3411.5	2	
3412.5	1	
3413.5	2	
3414.5	3	
3415.5	1	
3416.5	2	
3417.5	2	
3418.5	1	
3419.5	2	
3420.5	0	
3421.5	3	
3422.5	2	
3423.5	1	
3424.5	1	
3425.5	2	
3426.5	4	
3427.5	2	
3428.5	0	
3429.5	1	
3430.5	1	
3431.5	1	
3432.5	2	
3433.5	1	
3434.5	2	
3435.5	0	
3436.5	4	
3437.5	3	
3438.5	1	
3439.5	5	
3440.5	3	
3441.5	1	
3442.5	1	
3443.5	4	
3444.5	0	
3445.5	2	
3446.5	3	
3447.5	1	
3448.5	1	
3449.5	1	
3450.5	0	
3451.5	1	
3452.5	0	
3453.5	3	
3454.5	1	
3455.5	1	
3456.5	2	
3457.5	0	
3458.5	1	
3459.5	1	
3460.5	1	
3461.5	1	
3462.5	0	
3463.5	2	
3464.5	0	
3465.5	3	
3466.5	2	
3467.5	2	
3468.5	2	
3469.5	1	
3470.5	0	
3471.5	0	
3472.5	0	
3473.5	0	
3474.5	0	
3475.5	2	
3476.5	2	
3477.5	0	
3478.5	2	
3479.5	1	
3480.5	0	
3481.5	0	
3482.5	1	
3483.5	0	
3484.5	1	
3485.5	4	
3486.5	3	
3487.5	1	
3488.5	0	
3489.5	4	
3490.5	0	
3491.5	2	
3492.5	3	
3493.5	0	
3494.5	0	
3495.5	1	
3496.5	2	
3497.5	1	
3498.5	0	
3499.5	1	
3500.5	2	
3501.5	1	
3502.5	4	
3503.5	2	
3504.5	1	
3505.5	4	
3506.5	0	
3507.5	0	
3508.5	1	
3509.5	0	
3510.5	1	
3511.5	4	
3512.5	0	
3513.5	3	
3514.5	2	
3515.5	1	
3516.5	0	
3517.5	2	
3518.5	3	
3519.5	4	
3520.5	2	
3521.5	1	
3522.5	1	
3523.5	4	
3524.5	2	
3525.5	1	
3526.5	2	
3527.5	3	
3528.5	0	
3529.5	0	
3530.5	2	
3531.5	2	
3532.5	1	
3533.5	1	
3534.5	1	
3535.5	1	
3536.5	2	
3537.5	0	
3538.5	0	
3539.5	1	
3540.5	1	
3541.5	0	
3542.5	0	
3543.5	0	
3544.5	1	
3545.5	0	
3546.5	2	
3547.5	2	
3548.5	0	
3549.5	2	
3550.5	2	
3551.5	2	
3552.5	1	
3553.5	2	
3554.5	3	
3555.5	1	
3556.5	3	
3557.5	1	
3558.5	1	
3559.5	1	
3560.5	0	
3561.5	2	
3562.5	1	
3563.5	0	
3564.5	1	
3565.5	0	
3566.5	0	
3567.5	0	
3568.5	1	
3569.5	0	
3570.5	0	
3571.5	0	
3572.5	2	
3573.5	0	
3574.5	1	
3575.5	2	
3576.5	1	
3577.5	0	
3578.5	0	
3579.5	0	
3580.5	3	
3581.5	1	
3582.5	2	
3583.5	0	
3584.5	1	
3585.5	2	
3586.5	1	
3587.5	0	
3588.5	0	
3589.5	1	
3590.5	4	
3591.5	1	
3592.5	0	
3593.5	0	
3594.5	0	
3595.5	0	
3596.5	0	
3597.5	0	
3598.5	1	
3599.5	0	
3600.5	2	
3601.5	1	
3602.5	2	
3603.5	2	
3604.5	1	
3605.5	0	
3606.5	0	
3607.5	2	
3608.5	0	
3609.5	1	
3610.5	1	
3611.5	1	
3612.5	1	
3613.5	2	
3614.5	0	
3615.5	1	
3616.5	2	
3617.5	1	
3618.5	0	
3619.5	2	
3620.5	0	
3621.5	1	
3622.5	0	
3623.5	2	
3624.5	2	
3625.5	0	
3626.5	0	
3627.5	2	
3628.5	1	
3629.5	0	
3630.5	0	
3631.5	1	
3632.5	0	
3633.5	2	
3634.5	0	
3635.5	1	
3636.5	0	
3637.5	1	
3638.5	4	
3639.5	2	
3640.5	0	
3641.5	1	
3642.5	0	
3643.5	0	
3644.5	1	
3645.5	0	
3646.5	1	
3647.5	1	
3648.5	1	
3649.5	0	
3650.5	1	
3651.5	1	
3652.5	1	
3653.5	1	
3654.5	1	
3655.5	1	
3656.5	0	
3657.5	0	
3658.5	0	
3659.5	1	
3660.5	1	
3661.5	0	
3662.5	0	
3663.5	0	
3664.5	1	
3665.5	1	
3666.5	2	
3667.5	1	
3668.5	1	
3669.5	1	
3670.5	0	
3671.5	0	
3672.5	1	
3673.5	1	
3674.5	2	
3675.5	0	
3676.5	0	
3677.5	0	
3678.5	1	
3679.5	0	
3680.5	0	
3681.5	0	
3682.5	2	
3683.5	1	
3684.5	1	
3685.5	0	
3686.5	3	
3687.5	2	
3688.5	2	
3689.5	0	
3690.5	1	
3691.5	0	
3692.5	3	
3693.5	2	
3694.5	0	
3695.5	0	
3696.5	0	
3697.5	2	
3698.5	4	
3699.5	1	
3700.5	2	
3701.5	0	
3702.5	2	
3703.5	1	
3704.5	1	
3705.5	1	
3706.5	1	
3707.5	1	
3708.5	1	
3709.5	1	
3710.5	1	
3711.5	1	
3712.5	1	
3713.5	0	
3714.5	0	
3715.5	0	
3716.5	1	
3717.5	3	
3718.5	1	
3719.5	4	
3720.5	1	
3721.5	0	
3722.5	0	
3723.5	2	
3724.5	2	
3725.5	0	
3726.5	1	
3727.5	1	
3728.5	3	
3729.5	0	
3730.5	1	
3731.5	0	
3732.5	1	
3733.5	0	
3734.5	1	
3735.5	1	
3736.5	0	
3737.5	2	
3738.5	0	
3739.5	1	
3740.5	1	
3741.5	1	
3742.5	0	
3743.5	1	
3744.5	1	
3745.5	2	
3746.5	0	
3747.5	0	
3748.5	0	
3749.5	0	
3750.5	0	
3751.5	0	
3752.5	1	
3753.5	0	
3754.5	1	
3755.5	2	
3756.5	0	
3757.5	1	
3758.5	1	
3759.5	2	
3760.5	2	
3761.5	0	
3762.5	0	
3763.5	1	
3764.5	1	
3765.5	2	
3766.5	1	
3767.5	1	
3768.5	1	
3769.5	1	
3770.5	0	
3771.5	1	
3772.5	1	
3773.5	0	
3774.5	1	
3775.5	0	
3776.5	1	
3777.5	0	
3778.5	2	
3779.5	0	
3780.5	2	
3781.5	2	
3782.5	0	
3783.5	0	
3784.5	0	
3785.5	0	
3786.5	0	
3787.5	1	
3788.5	0	
3789.5	1	
3790.5	0	
3791.5	2	
3792.5	1	
3793.5	1	
3794.5	1	
3795.5	3	
3796.5	0	
3797.5	1	
3798.5	0	
3799.5	1	
3800.5	0	
3801.5	1	
3802.5	3	
3803.5	1	
3804.5	0	
3805.5	4	
3806.5	1	
3807.5	1	
3808.5	0	
3809.5	1	
3810.5	0	
3811.5	0	
3812.5	0	
3813.5	0	
3814.5	1	
3815.5	1	
3816.5	2	
3817.5	1	
3818.5	2	
3819.5	1	
3820.5	0	
3821.5	2	
3822.5	1	
3823.5	1	
3824.5	0	
3825.5	1	
3826.5	0	
3827.5	0	
3828.5	1	
3829.5	1	
3830.5	0	
3831.5	1	
3832.5	3	
3833.5	1	
3834.5	1	
3835.5	0	
3836.5	1	
3837.5	1	
3838.5	3	
3839.5	1	
3840.5	1	
3841.5	0	
3842.5	1	
3843.5	1	
3844.5	1	
3845.5	0	
3846.5	2	
3847.5	0	
3848.5	1	
3849.5	2	
3850.5	1	
3851.5	1	
3852.5	2	
3853.5	0	
3854.5	5	
3855.5	1	
3856.5	1	
3857.5	2	
3858.5	0	
3859.5	1	
3860.5	1	
3861.5	0	
3862.5	0	
3863.5	0	
3864.5	1	
3865.5	0	
3866.5	0	
3867.5	2	
3868.5	0	
3869.5	0	
3870.5	1	
3871.5	0	
3872.5	4	
3873.5	0	
3874.5	1	
3875.5	0	
3876.5	1	
3877.5	1	
3878.5	0	
3879.5	0	
3880.5	0	
3881.5	0	
3882.5	2	
3883.5	0	
3884.5	2	
3885.5	0	
3886.5	0	
3887.5	0	
3888.5	1	
3889.5	0	
3890.5	0	
3891.5	1	
3892.5	0	
3893.5	1	
3894.5	0	
3895.5	2	
3896.5	0	
3897.5	0	
3898.5	0	
3899.5	0	
3900.5	1	
3901.5	0	
3902.5	0	
3903.5	0	
3904.5	1	
3905.5	1	
3906.5	1	
3907.5	1	
3908.5	0	
3909.5	0	
3910.5	0	
3911.5	2	
3912.5	0	
3913.5	0	
3914.5	0	
3915.5	1	
3916.5	0	
3917.5	0	
3918.5	2	
3919.5	2	
3920.5	1	
3921.5	0	
3922.5	1	
3923.5	0	
3924.5	1	
3925.5	0	
3926.5	0	
3927.5	1	
3928.5	0	
3929.5	1	
3930.5	0	
3931.5	1	
3932.5	0	
3933.5	0	
3934.5	1	
3935.5	1	
3936.5	0	
3937.5	0	
3938.5	0	
3939.5	0	
3940.5	0	
3941.5	0	
3942.5	1	
3943.5	0	
3944.5	1	
3945.5	0	
3946.5	0	
3947.5	0	
3948.5	3	
3949.5	0	
3950.5	0	
3951.5	0	
3952.5	0	
3953.5	0	
3954.5	1	
3955.5	1	
3956.5	0	
3957.5	0	
3958.5	0	
3959.5	0	
3960.5	1	
3961.5	0	
3962.5	0	
3963.5	0	
3964.5	0	
3965.5	1	
3966.5	0	
3967.5	1	
3968.5	0	
3969.5	0	
3970.5	1	
3971.5	0	
3972.5	0	
3973.5	0	
3974.5	1	
3975.5	0	
3976.5	0	
3977.5	0	
3978.5	0	
3979.5	0	
3980.5	0	
3981.5	0	
3982.5	1	
3983.5	0	
3984.5	1	
3985.5	0	
3986.5	1	
3987.5	0	
3988.5	0	
3989.5	0	
3990.5	0	
3991.5	1	
3992.5	0	
3993.5	0	
3994.5	1	
3995.5	0	
3996.5	0	
3997.5	0	
3998.5	0	
3999.5	1	
4000.5	0	
4001.5	0	
4002.5	0	
4003.5	0	
4004.5	0	
4005.5	0	
4006.5	0	
4007.5	2	
4008.5	1	
4009.5	0	
4010.5	1	
4011.5	0	
4012.5	0	
4013.5	0	
4014.5	0	
4015.5	2	
4016.5	0	
4017.5	0	
4018.5	1	
4019.5	1	
4020.5	0	
4021.5	1	
4022.5	0	
4023.5	0	
4024.5	0	
4025.5	0	
4026.5	1	
4027.5	1	
4028.5	0	
4029.5	0	
4030.5	0	
4031.5	1	
4032.5	0	
4033.5	1	
4034.5	0	
4035.5	1	
4036.5	0	
4037.5	1	
4038.5	0	
4039.5	0	
4040.5	0	
4041.5	0	
4042.5	0	
4043.5	0	
4044.5	1	
4045.5	0	
ADC Channel - Charge distribution	LED bias55V, G35dB,I2.5		
