-49.5	0	
-48.5	0	
-47.5	0	
-46.5	0	
-45.5	0	
-44.5	0	
-43.5	0	
-42.5	0	
-41.5	0	
-40.5	0	
-39.5	0	
-38.5	1	
-37.5	0	
-36.5	4	
-35.5	1	
-34.5	2	
-33.5	3	
-32.5	8	
-31.5	2	
-30.5	20	
-29.5	17	
-28.5	30	
-27.5	35	
-26.5	49	
-25.5	69	
-24.5	92	
-23.5	128	
-22.5	170	
-21.5	196	
-20.5	320	
-19.5	447	
-18.5	508	
-17.5	726	
-16.5	1003	
-15.5	1231	
-14.5	1544	
-13.5	1963	
-12.5	2377	
-11.5	2888	
-10.5	3560	
-9.5	4112	
-8.5	4842	
-7.5	5491	
-6.5	6210	
-5.5	6908	
-4.5	7652	
-3.5	8128	
-2.5	8763	
-1.5	8951	
-0.5	9476	
0.5	9397	
1.5	9452	
2.5	9158	
3.5	8924	
4.5	8392	
5.5	7946	
6.5	7332	
7.5	6711	
8.5	5905	
9.5	5042	
10.5	4436	
11.5	3794	
12.5	3207	
13.5	2586	
14.5	2158	
15.5	1676	
16.5	1312	
17.5	1007	
18.5	763	
19.5	591	
20.5	432	
21.5	356	
22.5	215	
23.5	199	
24.5	140	
25.5	91	
26.5	54	
27.5	55	
28.5	45	
29.5	45	
30.5	27	
31.5	24	
32.5	19	
33.5	17	
34.5	14	
35.5	10	
36.5	11	
37.5	17	
38.5	10	
39.5	12	
40.5	11	
41.5	9	
42.5	15	
43.5	9	
44.5	4	
45.5	13	
46.5	15	
47.5	14	
48.5	10	
49.5	15	
50.5	8	
51.5	7	
52.5	11	
53.5	13	
54.5	6	
55.5	9	
56.5	8	
57.5	4	
58.5	16	
59.5	8	
60.5	10	
61.5	10	
62.5	13	
63.5	11	
64.5	7	
65.5	13	
66.5	6	
67.5	5	
68.5	9	
69.5	3	
70.5	13	
71.5	8	
72.5	9	
73.5	12	
74.5	8	
75.5	13	
76.5	3	
77.5	9	
78.5	10	
79.5	9	
80.5	5	
81.5	10	
82.5	10	
83.5	6	
84.5	6	
85.5	4	
86.5	4	
87.5	5	
88.5	4	
89.5	18	
90.5	3	
91.5	7	
92.5	8	
93.5	8	
94.5	10	
95.5	13	
96.5	9	
97.5	3	
98.5	7	
99.5	7	
100.5	8	
101.5	7	
102.5	1	
103.5	7	
104.5	8	
105.5	5	
106.5	3	
107.5	8	
108.5	5	
109.5	8	
110.5	4	
111.5	4	
112.5	4	
113.5	8	
114.5	9	
115.5	9	
116.5	6	
117.5	6	
118.5	11	
119.5	5	
120.5	6	
121.5	15	
122.5	10	
123.5	9	
124.5	8	
125.5	6	
126.5	8	
127.5	7	
128.5	8	
129.5	4	
130.5	4	
131.5	7	
132.5	8	
133.5	6	
134.5	4	
135.5	9	
136.5	7	
137.5	14	
138.5	10	
139.5	8	
140.5	10	
141.5	10	
142.5	8	
143.5	6	
144.5	7	
145.5	6	
146.5	13	
147.5	6	
148.5	8	
149.5	12	
150.5	9	
151.5	9	
152.5	9	
153.5	8	
154.5	8	
155.5	8	
156.5	4	
157.5	8	
158.5	7	
159.5	10	
160.5	12	
161.5	4	
162.5	14	
163.5	14	
164.5	8	
165.5	8	
166.5	10	
167.5	12	
168.5	10	
169.5	8	
170.5	12	
171.5	10	
172.5	15	
173.5	8	
174.5	26	
175.5	14	
176.5	12	
177.5	10	
178.5	16	
179.5	11	
180.5	11	
181.5	21	
182.5	21	
183.5	22	
184.5	20	
185.5	24	
186.5	24	
187.5	19	
188.5	27	
189.5	22	
190.5	22	
191.5	42	
192.5	35	
193.5	50	
194.5	47	
195.5	47	
196.5	62	
197.5	69	
198.5	91	
199.5	106	
200.5	123	
201.5	144	
202.5	193	
203.5	214	
204.5	233	
205.5	313	
206.5	346	
207.5	411	
208.5	473	
209.5	586	
210.5	651	
211.5	746	
212.5	961	
213.5	1073	
214.5	1259	
215.5	1309	
216.5	1524	
217.5	1757	
218.5	1935	
219.5	2143	
220.5	2325	
221.5	2474	
222.5	2798	
223.5	3004	
224.5	3301	
225.5	3378	
226.5	3570	
227.5	3690	
228.5	3880	
229.5	3981	
230.5	4120	
231.5	4243	
232.5	4275	
233.5	4164	
234.5	4250	
235.5	4173	
236.5	4269	
237.5	4035	
238.5	3990	
239.5	3873	
240.5	3787	
241.5	3597	
242.5	3390	
243.5	3070	
244.5	2946	
245.5	2782	
246.5	2478	
247.5	2335	
248.5	2144	
249.5	1882	
250.5	1686	
251.5	1547	
252.5	1378	
253.5	1184	
254.5	997	
255.5	909	
256.5	741	
257.5	681	
258.5	569	
259.5	459	
260.5	405	
261.5	364	
262.5	304	
263.5	240	
264.5	204	
265.5	166	
266.5	155	
267.5	143	
268.5	133	
269.5	110	
270.5	112	
271.5	102	
272.5	102	
273.5	86	
274.5	101	
275.5	86	
276.5	90	
277.5	62	
278.5	88	
279.5	95	
280.5	85	
281.5	70	
282.5	80	
283.5	77	
284.5	98	
285.5	89	
286.5	88	
287.5	108	
288.5	90	
289.5	89	
290.5	80	
291.5	98	
292.5	79	
293.5	95	
294.5	110	
295.5	80	
296.5	121	
297.5	100	
298.5	111	
299.5	116	
300.5	102	
301.5	114	
302.5	113	
303.5	95	
304.5	108	
305.5	119	
306.5	123	
307.5	103	
308.5	93	
309.5	116	
310.5	122	
311.5	140	
312.5	122	
313.5	109	
314.5	123	
315.5	120	
316.5	110	
317.5	125	
318.5	112	
319.5	100	
320.5	135	
321.5	138	
322.5	97	
323.5	122	
324.5	113	
325.5	118	
326.5	123	
327.5	108	
328.5	126	
329.5	117	
330.5	132	
331.5	120	
332.5	95	
333.5	105	
334.5	115	
335.5	99	
336.5	106	
337.5	99	
338.5	88	
339.5	79	
340.5	101	
341.5	108	
342.5	99	
343.5	95	
344.5	89	
345.5	85	
346.5	100	
347.5	92	
348.5	98	
349.5	86	
350.5	86	
351.5	74	
352.5	66	
353.5	69	
354.5	58	
355.5	63	
356.5	66	
357.5	58	
358.5	55	
359.5	58	
360.5	51	
361.5	50	
362.5	47	
363.5	54	
364.5	39	
365.5	33	
366.5	40	
367.5	42	
368.5	41	
369.5	42	
370.5	31	
371.5	24	
372.5	27	
373.5	28	
374.5	15	
375.5	39	
376.5	29	
377.5	26	
378.5	30	
379.5	15	
380.5	24	
381.5	28	
382.5	28	
383.5	16	
384.5	22	
385.5	24	
386.5	23	
387.5	24	
388.5	25	
389.5	24	
390.5	24	
391.5	26	
392.5	22	
393.5	16	
394.5	16	
395.5	22	
396.5	31	
397.5	33	
398.5	24	
399.5	20	
400.5	24	
401.5	32	
402.5	24	
403.5	32	
404.5	30	
405.5	34	
406.5	30	
407.5	29	
408.5	33	
409.5	44	
410.5	40	
411.5	49	
412.5	38	
413.5	39	
414.5	50	
415.5	59	
416.5	47	
417.5	50	
418.5	63	
419.5	63	
420.5	83	
421.5	78	
422.5	82	
423.5	98	
424.5	112	
425.5	116	
426.5	144	
427.5	152	
428.5	168	
429.5	181	
430.5	227	
431.5	225	
432.5	230	
433.5	259	
434.5	290	
435.5	314	
436.5	360	
437.5	354	
438.5	418	
439.5	430	
440.5	521	
441.5	494	
442.5	533	
443.5	553	
444.5	611	
445.5	668	
446.5	680	
447.5	772	
448.5	757	
449.5	823	
450.5	909	
451.5	896	
452.5	923	
453.5	986	
454.5	1036	
455.5	1031	
456.5	1076	
457.5	1071	
458.5	1109	
459.5	1131	
460.5	1063	
461.5	1079	
462.5	1131	
463.5	1142	
464.5	1189	
465.5	1118	
466.5	1066	
467.5	1120	
468.5	1051	
469.5	1072	
470.5	1091	
471.5	1027	
472.5	985	
473.5	915	
474.5	1025	
475.5	875	
476.5	862	
477.5	848	
478.5	852	
479.5	760	
480.5	726	
481.5	684	
482.5	661	
483.5	610	
484.5	561	
485.5	527	
486.5	523	
487.5	468	
488.5	395	
489.5	365	
490.5	337	
491.5	304	
492.5	298	
493.5	256	
494.5	255	
495.5	204	
496.5	195	
497.5	185	
498.5	186	
499.5	131	
500.5	117	
501.5	123	
502.5	114	
503.5	99	
504.5	89	
505.5	104	
506.5	93	
507.5	90	
508.5	68	
509.5	81	
510.5	82	
511.5	61	
512.5	68	
513.5	66	
514.5	71	
515.5	96	
516.5	68	
517.5	63	
518.5	78	
519.5	84	
520.5	67	
521.5	77	
522.5	73	
523.5	70	
524.5	72	
525.5	66	
526.5	59	
527.5	62	
528.5	76	
529.5	67	
530.5	69	
531.5	85	
532.5	81	
533.5	91	
534.5	80	
535.5	83	
536.5	67	
537.5	94	
538.5	74	
539.5	86	
540.5	92	
541.5	67	
542.5	80	
543.5	79	
544.5	93	
545.5	71	
546.5	85	
547.5	87	
548.5	73	
549.5	88	
550.5	90	
551.5	84	
552.5	84	
553.5	89	
554.5	77	
555.5	82	
556.5	75	
557.5	95	
558.5	91	
559.5	77	
560.5	84	
561.5	83	
562.5	80	
563.5	68	
564.5	76	
565.5	73	
566.5	59	
567.5	56	
568.5	67	
569.5	61	
570.5	80	
571.5	62	
572.5	48	
573.5	61	
574.5	60	
575.5	73	
576.5	56	
577.5	69	
578.5	64	
579.5	52	
580.5	40	
581.5	55	
582.5	59	
583.5	56	
584.5	46	
585.5	45	
586.5	41	
587.5	54	
588.5	40	
589.5	43	
590.5	41	
591.5	44	
592.5	50	
593.5	34	
594.5	42	
595.5	31	
596.5	41	
597.5	40	
598.5	36	
599.5	33	
600.5	20	
601.5	32	
602.5	32	
603.5	25	
604.5	18	
605.5	19	
606.5	37	
607.5	33	
608.5	29	
609.5	21	
610.5	24	
611.5	14	
612.5	24	
613.5	24	
614.5	16	
615.5	24	
616.5	23	
617.5	20	
618.5	12	
619.5	31	
620.5	19	
621.5	16	
622.5	19	
623.5	21	
624.5	18	
625.5	18	
626.5	18	
627.5	25	
628.5	20	
629.5	21	
630.5	21	
631.5	22	
632.5	18	
633.5	30	
634.5	21	
635.5	30	
636.5	27	
637.5	29	
638.5	26	
639.5	30	
640.5	26	
641.5	31	
642.5	27	
643.5	32	
644.5	40	
645.5	33	
646.5	51	
647.5	54	
648.5	60	
649.5	45	
650.5	58	
651.5	63	
652.5	70	
653.5	55	
654.5	69	
655.5	71	
656.5	93	
657.5	89	
658.5	86	
659.5	88	
660.5	92	
661.5	93	
662.5	116	
663.5	126	
664.5	129	
665.5	123	
666.5	128	
667.5	135	
668.5	146	
669.5	144	
670.5	136	
671.5	153	
672.5	201	
673.5	163	
674.5	165	
675.5	188	
676.5	192	
677.5	208	
678.5	181	
679.5	201	
680.5	195	
681.5	226	
682.5	198	
683.5	245	
684.5	224	
685.5	230	
686.5	218	
687.5	240	
688.5	249	
689.5	251	
690.5	255	
691.5	238	
692.5	223	
693.5	229	
694.5	234	
695.5	238	
696.5	217	
697.5	227	
698.5	198	
699.5	249	
700.5	249	
701.5	216	
702.5	228	
703.5	243	
704.5	223	
705.5	223	
706.5	214	
707.5	187	
708.5	175	
709.5	206	
710.5	180	
711.5	200	
712.5	191	
713.5	180	
714.5	140	
715.5	143	
716.5	157	
717.5	143	
718.5	146	
719.5	129	
720.5	123	
721.5	127	
722.5	125	
723.5	127	
724.5	106	
725.5	97	
726.5	88	
727.5	81	
728.5	84	
729.5	81	
730.5	69	
731.5	60	
732.5	61	
733.5	66	
734.5	63	
735.5	53	
736.5	42	
737.5	52	
738.5	45	
739.5	42	
740.5	48	
741.5	39	
742.5	37	
743.5	39	
744.5	36	
745.5	41	
746.5	37	
747.5	35	
748.5	39	
749.5	33	
750.5	28	
751.5	33	
752.5	31	
753.5	33	
754.5	33	
755.5	27	
756.5	38	
757.5	36	
758.5	25	
759.5	36	
760.5	32	
761.5	35	
762.5	37	
763.5	34	
764.5	22	
765.5	23	
766.5	26	
767.5	25	
768.5	27	
769.5	31	
770.5	27	
771.5	25	
772.5	30	
773.5	34	
774.5	23	
775.5	27	
776.5	40	
777.5	38	
778.5	31	
779.5	24	
780.5	32	
781.5	25	
782.5	39	
783.5	27	
784.5	17	
785.5	34	
786.5	28	
787.5	29	
788.5	34	
789.5	26	
790.5	32	
791.5	25	
792.5	21	
793.5	28	
794.5	21	
795.5	44	
796.5	31	
797.5	26	
798.5	19	
799.5	24	
800.5	32	
801.5	21	
802.5	14	
803.5	25	
804.5	18	
805.5	18	
806.5	20	
807.5	22	
808.5	29	
809.5	24	
810.5	12	
811.5	23	
812.5	22	
813.5	26	
814.5	20	
815.5	21	
816.5	17	
817.5	25	
818.5	16	
819.5	19	
820.5	20	
821.5	24	
822.5	16	
823.5	25	
824.5	12	
825.5	17	
826.5	9	
827.5	15	
828.5	14	
829.5	13	
830.5	15	
831.5	16	
832.5	22	
833.5	12	
834.5	14	
835.5	13	
836.5	21	
837.5	12	
838.5	12	
839.5	13	
840.5	16	
841.5	17	
842.5	14	
843.5	12	
844.5	10	
845.5	12	
846.5	12	
847.5	12	
848.5	14	
849.5	11	
850.5	8	
851.5	11	
852.5	2	
853.5	14	
854.5	15	
855.5	7	
856.5	17	
857.5	18	
858.5	9	
859.5	8	
860.5	11	
861.5	10	
862.5	9	
863.5	6	
864.5	17	
865.5	13	
866.5	8	
867.5	19	
868.5	14	
869.5	11	
870.5	13	
871.5	13	
872.5	16	
873.5	17	
874.5	12	
875.5	24	
876.5	21	
877.5	16	
878.5	8	
879.5	14	
880.5	13	
881.5	27	
882.5	20	
883.5	23	
884.5	23	
885.5	26	
886.5	30	
887.5	23	
888.5	25	
889.5	19	
890.5	34	
891.5	23	
892.5	31	
893.5	34	
894.5	41	
895.5	42	
896.5	39	
897.5	35	
898.5	44	
899.5	41	
900.5	35	
901.5	32	
902.5	40	
903.5	37	
904.5	38	
905.5	30	
906.5	30	
907.5	45	
908.5	50	
909.5	39	
910.5	39	
911.5	44	
912.5	47	
913.5	60	
914.5	30	
915.5	28	
916.5	34	
917.5	41	
918.5	49	
919.5	38	
920.5	34	
921.5	46	
922.5	42	
923.5	43	
924.5	44	
925.5	35	
926.5	40	
927.5	47	
928.5	46	
929.5	36	
930.5	51	
931.5	44	
932.5	42	
933.5	41	
934.5	39	
935.5	57	
936.5	37	
937.5	41	
938.5	29	
939.5	48	
940.5	33	
941.5	43	
942.5	33	
943.5	31	
944.5	34	
945.5	40	
946.5	36	
947.5	25	
948.5	27	
949.5	34	
950.5	37	
951.5	34	
952.5	33	
953.5	26	
954.5	32	
955.5	22	
956.5	29	
957.5	23	
958.5	25	
959.5	21	
960.5	12	
961.5	21	
962.5	20	
963.5	19	
964.5	16	
965.5	18	
966.5	11	
967.5	14	
968.5	16	
969.5	24	
970.5	25	
971.5	13	
972.5	9	
973.5	18	
974.5	15	
975.5	8	
976.5	15	
977.5	10	
978.5	7	
979.5	10	
980.5	8	
981.5	13	
982.5	5	
983.5	8	
984.5	12	
985.5	9	
986.5	8	
987.5	7	
988.5	10	
989.5	12	
990.5	14	
991.5	9	
992.5	7	
993.5	11	
994.5	7	
995.5	9	
996.5	10	
997.5	6	
998.5	12	
999.5	12	
1000.5	6	
1001.5	8	
1002.5	10	
1003.5	15	
1004.5	6	
1005.5	9	
1006.5	12	
1007.5	7	
1008.5	6	
1009.5	10	
1010.5	8	
1011.5	11	
1012.5	8	
1013.5	5	
1014.5	6	
1015.5	5	
1016.5	10	
1017.5	8	
1018.5	6	
1019.5	4	
1020.5	7	
1021.5	4	
1022.5	7	
1023.5	8	
1024.5	12	
1025.5	6	
1026.5	11	
1027.5	4	
1028.5	8	
1029.5	8	
1030.5	8	
1031.5	4	
1032.5	7	
1033.5	8	
1034.5	7	
1035.5	3	
1036.5	9	
1037.5	1	
1038.5	6	
1039.5	5	
1040.5	0	
1041.5	7	
1042.5	6	
1043.5	7	
1044.5	11	
1045.5	3	
1046.5	4	
1047.5	3	
1048.5	6	
1049.5	5	
1050.5	4	
1051.5	2	
1052.5	6	
1053.5	5	
1054.5	8	
1055.5	5	
1056.5	7	
1057.5	0	
1058.5	7	
1059.5	6	
1060.5	3	
1061.5	2	
1062.5	4	
1063.5	2	
1064.5	5	
1065.5	1	
1066.5	8	
1067.5	2	
1068.5	2	
1069.5	3	
1070.5	3	
1071.5	2	
1072.5	0	
1073.5	6	
1074.5	4	
1075.5	7	
1076.5	1	
1077.5	4	
1078.5	3	
1079.5	3	
1080.5	7	
1081.5	3	
1082.5	4	
1083.5	4	
1084.5	4	
1085.5	2	
1086.5	6	
1087.5	7	
1088.5	3	
1089.5	6	
1090.5	1	
1091.5	2	
1092.5	1	
1093.5	3	
1094.5	3	
1095.5	4	
1096.5	4	
1097.5	1	
1098.5	5	
1099.5	7	
1100.5	2	
1101.5	5	
1102.5	6	
1103.5	6	
1104.5	3	
1105.5	2	
1106.5	8	
1107.5	6	
1108.5	1	
1109.5	8	
1110.5	4	
1111.5	4	
1112.5	8	
1113.5	5	
1114.5	10	
1115.5	5	
1116.5	6	
1117.5	11	
1118.5	4	
1119.5	4	
1120.5	8	
1121.5	3	
1122.5	10	
1123.5	8	
1124.5	2	
1125.5	7	
1126.5	9	
1127.5	5	
1128.5	5	
1129.5	3	
1130.5	5	
1131.5	3	
1132.5	9	
1133.5	8	
1134.5	5	
1135.5	4	
1136.5	2	
1137.5	6	
1138.5	9	
1139.5	3	
1140.5	11	
1141.5	4	
1142.5	2	
1143.5	7	
1144.5	7	
1145.5	6	
1146.5	7	
1147.5	6	
1148.5	10	
1149.5	8	
1150.5	4	
1151.5	5	
1152.5	4	
1153.5	5	
1154.5	7	
1155.5	6	
1156.5	8	
1157.5	12	
1158.5	8	
1159.5	10	
1160.5	4	
1161.5	8	
1162.5	11	
1163.5	7	
1164.5	9	
1165.5	6	
1166.5	2	
1167.5	6	
1168.5	8	
1169.5	3	
1170.5	4	
1171.5	6	
1172.5	6	
1173.5	9	
1174.5	3	
1175.5	2	
1176.5	3	
1177.5	6	
1178.5	7	
1179.5	9	
1180.5	2	
1181.5	4	
1182.5	2	
1183.5	7	
1184.5	7	
1185.5	7	
1186.5	8	
1187.5	6	
1188.5	7	
1189.5	1	
1190.5	4	
1191.5	3	
1192.5	5	
1193.5	4	
1194.5	6	
1195.5	2	
1196.5	2	
1197.5	2	
1198.5	5	
1199.5	4	
1200.5	7	
1201.5	6	
1202.5	3	
1203.5	4	
1204.5	3	
1205.5	3	
1206.5	1	
1207.5	2	
1208.5	1	
1209.5	4	
1210.5	0	
1211.5	2	
1212.5	3	
1213.5	3	
1214.5	1	
1215.5	5	
1216.5	1	
1217.5	2	
1218.5	4	
1219.5	1	
1220.5	2	
1221.5	3	
1222.5	1	
1223.5	2	
1224.5	1	
1225.5	4	
1226.5	0	
1227.5	1	
1228.5	4	
1229.5	4	
1230.5	5	
1231.5	1	
1232.5	3	
1233.5	1	
1234.5	0	
1235.5	1	
1236.5	2	
1237.5	1	
1238.5	2	
1239.5	1	
1240.5	5	
1241.5	1	
1242.5	0	
1243.5	1	
1244.5	0	
1245.5	3	
1246.5	1	
1247.5	3	
1248.5	0	
1249.5	1	
1250.5	0	
1251.5	2	
1252.5	1	
1253.5	1	
1254.5	2	
1255.5	1	
1256.5	3	
1257.5	2	
1258.5	1	
1259.5	0	
1260.5	1	
1261.5	0	
1262.5	1	
1263.5	0	
1264.5	1	
1265.5	1	
1266.5	0	
1267.5	3	
1268.5	1	
1269.5	3	
1270.5	0	
1271.5	1	
1272.5	1	
1273.5	1	
1274.5	1	
1275.5	1	
1276.5	1	
1277.5	1	
1278.5	0	
1279.5	6	
1280.5	1	
1281.5	1	
1282.5	0	
1283.5	1	
1284.5	1	
1285.5	0	
1286.5	6	
1287.5	3	
1288.5	0	
1289.5	2	
1290.5	5	
1291.5	0	
1292.5	1	
1293.5	1	
1294.5	2	
1295.5	1	
1296.5	0	
1297.5	1	
1298.5	2	
1299.5	2	
1300.5	3	
1301.5	2	
1302.5	2	
1303.5	1	
1304.5	2	
1305.5	1	
1306.5	2	
1307.5	2	
1308.5	1	
1309.5	1	
1310.5	3	
1311.5	3	
1312.5	1	
1313.5	1	
1314.5	1	
1315.5	1	
1316.5	0	
1317.5	3	
1318.5	2	
1319.5	0	
1320.5	1	
1321.5	3	
1322.5	0	
1323.5	1	
1324.5	0	
1325.5	0	
1326.5	0	
1327.5	1	
1328.5	0	
1329.5	0	
1330.5	1	
1331.5	1	
1332.5	1	
1333.5	1	
1334.5	0	
1335.5	1	
1336.5	1	
1337.5	2	
1338.5	2	
1339.5	1	
1340.5	1	
1341.5	0	
1342.5	0	
1343.5	0	
1344.5	0	
1345.5	2	
1346.5	3	
1347.5	1	
1348.5	0	
1349.5	1	
1350.5	1	
1351.5	1	
1352.5	2	
1353.5	1	
1354.5	0	
1355.5	0	
1356.5	0	
1357.5	1	
1358.5	2	
1359.5	1	
1360.5	0	
1361.5	1	
1362.5	1	
1363.5	0	
1364.5	1	
1365.5	0	
1366.5	0	
1367.5	3	
1368.5	0	
1369.5	1	
1370.5	0	
1371.5	2	
1372.5	2	
1373.5	2	
1374.5	2	
1375.5	0	
1376.5	1	
1377.5	0	
1378.5	2	
1379.5	3	
1380.5	1	
1381.5	1	
1382.5	2	
1383.5	7	
1384.5	0	
1385.5	0	
1386.5	1	
1387.5	0	
1388.5	0	
1389.5	1	
1390.5	0	
1391.5	1	
1392.5	1	
1393.5	0	
1394.5	2	
1395.5	1	
1396.5	3	
1397.5	1	
1398.5	1	
1399.5	0	
1400.5	0	
1401.5	2	
1402.5	1	
1403.5	1	
1404.5	3	
1405.5	0	
1406.5	0	
1407.5	1	
1408.5	1	
1409.5	0	
1410.5	2	
1411.5	0	
1412.5	0	
1413.5	2	
1414.5	3	
1415.5	2	
1416.5	0	
1417.5	1	
1418.5	1	
1419.5	1	
1420.5	0	
1421.5	0	
1422.5	1	
1423.5	0	
1424.5	1	
1425.5	0	
1426.5	1	
1427.5	1	
1428.5	0	
1429.5	0	
1430.5	0	
1431.5	0	
1432.5	2	
1433.5	1	
1434.5	1	
1435.5	0	
1436.5	0	
1437.5	1	
1438.5	2	
1439.5	2	
1440.5	1	
1441.5	0	
1442.5	0	
1443.5	1	
1444.5	0	
1445.5	1	
1446.5	2	
1447.5	0	
1448.5	1	
1449.5	0	
1450.5	0	
1451.5	0	
1452.5	0	
1453.5	0	
1454.5	1	
1455.5	1	
1456.5	0	
1457.5	0	
1458.5	3	
1459.5	1	
1460.5	0	
1461.5	1	
1462.5	0	
1463.5	0	
1464.5	1	
1465.5	0	
1466.5	0	
1467.5	0	
1468.5	0	
1469.5	0	
1470.5	0	
1471.5	0	
1472.5	0	
1473.5	0	
1474.5	0	
1475.5	1	
1476.5	0	
1477.5	0	
1478.5	1	
1479.5	0	
1480.5	0	
1481.5	0	
1482.5	0	
1483.5	0	
1484.5	0	
1485.5	0	
1486.5	0	
1487.5	0	
1488.5	0	
1489.5	0	
1490.5	2	
1491.5	0	
1492.5	0	
1493.5	2	
1494.5	1	
1495.5	0	
1496.5	0	
1497.5	0	
1498.5	0	
1499.5	0	
1500.5	1	
1501.5	0	
1502.5	0	
1503.5	0	
1504.5	0	
1505.5	0	
1506.5	0	
1507.5	0	
1508.5	0	
1509.5	0	
1510.5	1	
1511.5	0	
1512.5	0	
1513.5	1	
1514.5	0	
1515.5	1	
1516.5	0	
1517.5	0	
1518.5	0	
1519.5	0	
1520.5	0	
1521.5	1	
1522.5	1	
1523.5	1	
1524.5	0	
1525.5	0	
1526.5	0	
1527.5	0	
1528.5	0	
1529.5	0	
1530.5	0	
1531.5	1	
1532.5	0	
1533.5	0	
1534.5	0	
1535.5	0	
1536.5	1	
1537.5	0	
1538.5	0	
1539.5	0	
1540.5	0	
1541.5	0	
1542.5	0	
1543.5	0	
1544.5	0	
1545.5	0	
1546.5	0	
1547.5	0	
1548.5	0	
1549.5	0	
1550.5	0	
1551.5	0	
1552.5	0	
1553.5	0	
1554.5	1	
1555.5	0	
1556.5	0	
1557.5	0	
1558.5	0	
1559.5	0	
1560.5	0	
1561.5	0	
1562.5	1	
1563.5	1	
1564.5	0	
1565.5	0	
1566.5	0	
1567.5	0	
1568.5	0	
1569.5	0	
1570.5	0	
1571.5	0	
1572.5	0	
1573.5	0	
1574.5	0	
1575.5	0	
1576.5	0	
1577.5	0	
1578.5	3	
1579.5	0	
1580.5	2	
1581.5	0	
1582.5	0	
1583.5	0	
1584.5	0	
1585.5	0	
1586.5	0	
1587.5	2	
1588.5	0	
1589.5	0	
1590.5	0	
1591.5	0	
1592.5	0	
1593.5	0	
1594.5	0	
1595.5	1	
1596.5	0	
1597.5	0	
1598.5	2	
1599.5	0	
1600.5	0	
1601.5	0	
1602.5	0	
1603.5	0	
1604.5	0	
1605.5	1	
1606.5	0	
1607.5	0	
1608.5	0	
1609.5	0	
1610.5	0	
1611.5	0	
1612.5	0	
1613.5	0	
1614.5	0	
1615.5	0	
1616.5	0	
1617.5	0	
1618.5	0	
1619.5	0	
1620.5	1	
1621.5	0	
1622.5	0	
1623.5	0	
1624.5	1	
1625.5	0	
1626.5	0	
1627.5	0	
1628.5	0	
1629.5	1	
1630.5	0	
1631.5	0	
1632.5	0	
1633.5	0	
1634.5	0	
1635.5	0	
1636.5	0	
1637.5	0	
1638.5	0	
1639.5	0	
1640.5	0	
1641.5	0	
1642.5	0	
1643.5	0	
1644.5	1	
1645.5	0	
1646.5	0	
1647.5	0	
1648.5	0	
1649.5	1	
1650.5	0	
1651.5	0	
1652.5	1	
1653.5	0	
1654.5	0	
1655.5	0	
1656.5	0	
1657.5	0	
1658.5	0	
1659.5	1	
1660.5	0	
1661.5	0	
1662.5	0	
1663.5	0	
1664.5	0	
1665.5	0	
1666.5	0	
1667.5	0	
1668.5	0	
1669.5	0	
1670.5	1	
1671.5	0	
1672.5	0	
1673.5	0	
1674.5	0	
1675.5	0	
1676.5	0	
1677.5	0	
1678.5	0	
1679.5	0	
1680.5	0	
1681.5	0	
1682.5	0	
1683.5	0	
1684.5	0	
1685.5	0	
1686.5	0	
1687.5	0	
1688.5	0	
1689.5	0	
1690.5	0	
1691.5	0	
1692.5	0	
1693.5	0	
1694.5	0	
1695.5	0	
1696.5	0	
1697.5	0	
1698.5	0	
1699.5	0	
1700.5	0	
1701.5	0	
1702.5	0	
1703.5	0	
1704.5	0	
1705.5	0	
1706.5	0	
1707.5	0	
1708.5	0	
1709.5	0	
1710.5	0	
1711.5	0	
1712.5	0	
1713.5	1	
1714.5	0	
1715.5	0	
1716.5	1	
1717.5	0	
1718.5	0	
1719.5	1	
1720.5	0	
1721.5	0	
1722.5	1	
1723.5	0	
1724.5	0	
1725.5	0	
1726.5	0	
1727.5	0	
1728.5	0	
1729.5	0	
1730.5	0	
1731.5	0	
1732.5	0	
1733.5	0	
1734.5	0	
1735.5	1	
1736.5	0	
1737.5	0	
1738.5	0	
1739.5	0	
1740.5	0	
1741.5	0	
1742.5	0	
1743.5	0	
1744.5	0	
1745.5	0	
1746.5	0	
1747.5	0	
1748.5	0	
1749.5	0	
1750.5	0	
1751.5	0	
1752.5	0	
1753.5	0	
1754.5	0	
1755.5	0	
1756.5	0	
1757.5	0	
1758.5	0	
1759.5	0	
1760.5	0	
1761.5	0	
1762.5	0	
1763.5	0	
1764.5	0	
1765.5	0	
1766.5	0	
1767.5	0	
1768.5	0	
1769.5	0	
1770.5	0	
1771.5	0	
1772.5	0	
1773.5	0	
1774.5	1	
1775.5	0	
1776.5	0	
1777.5	0	
1778.5	0	
1779.5	0	
1780.5	0	
1781.5	0	
1782.5	0	
1783.5	0	
1784.5	0	
1785.5	0	
1786.5	0	
1787.5	0	
1788.5	0	
1789.5	0	
1790.5	0	
1791.5	0	
1792.5	0	
1793.5	0	
1794.5	1	
1795.5	0	
1796.5	0	
1797.5	0	
1798.5	0	
1799.5	0	
1800.5	0	
1801.5	0	
1802.5	0	
1803.5	0	
1804.5	0	
1805.5	0	
1806.5	0	
1807.5	0	
1808.5	0	
1809.5	0	
1810.5	0	
1811.5	0	
1812.5	0	
1813.5	0	
1814.5	0	
1815.5	0	
1816.5	0	
1817.5	0	
1818.5	0	
1819.5	0	
1820.5	0	
1821.5	0	
1822.5	0	
1823.5	0	
1824.5	0	
1825.5	0	
1826.5	0	
1827.5	0	
1828.5	0	
1829.5	0	
1830.5	0	
1831.5	0	
1832.5	0	
1833.5	0	
1834.5	0	
1835.5	0	
1836.5	0	
1837.5	0	
1838.5	0	
1839.5	0	
1840.5	0	
1841.5	0	
1842.5	0	
1843.5	0	
1844.5	0	
1845.5	0	
1846.5	0	
1847.5	0	
1848.5	0	
1849.5	0	
1850.5	0	
1851.5	0	
1852.5	0	
1853.5	0	
1854.5	0	
1855.5	0	
1856.5	0	
1857.5	0	
1858.5	0	
1859.5	0	
1860.5	0	
1861.5	0	
1862.5	0	
1863.5	0	
1864.5	0	
1865.5	0	
1866.5	0	
1867.5	0	
1868.5	0	
1869.5	0	
1870.5	0	
1871.5	0	
1872.5	0	
1873.5	0	
1874.5	0	
1875.5	0	
1876.5	0	
1877.5	0	
1878.5	0	
1879.5	0	
1880.5	0	
1881.5	0	
1882.5	0	
1883.5	0	
1884.5	0	
1885.5	0	
1886.5	0	
1887.5	0	
1888.5	0	
1889.5	0	
1890.5	0	
1891.5	0	
1892.5	0	
1893.5	0	
1894.5	0	
1895.5	0	
1896.5	0	
1897.5	0	
1898.5	0	
1899.5	0	
1900.5	0	
1901.5	0	
1902.5	0	
1903.5	0	
1904.5	0	
1905.5	0	
1906.5	0	
1907.5	0	
1908.5	0	
1909.5	0	
1910.5	0	
1911.5	0	
1912.5	0	
1913.5	0	
1914.5	0	
1915.5	0	
1916.5	0	
1917.5	0	
1918.5	0	
1919.5	0	
1920.5	0	
1921.5	0	
1922.5	0	
1923.5	0	
1924.5	0	
1925.5	0	
1926.5	0	
1927.5	0	
1928.5	0	
1929.5	0	
1930.5	0	
1931.5	0	
1932.5	0	
1933.5	0	
1934.5	0	
1935.5	0	
1936.5	0	
1937.5	0	
1938.5	0	
1939.5	0	
1940.5	0	
1941.5	0	
1942.5	0	
1943.5	0	
1944.5	0	
1945.5	0	
1946.5	0	
1947.5	0	
1948.5	0	
1949.5	0	
1950.5	0	
1951.5	0	
1952.5	0	
1953.5	0	
1954.5	0	
1955.5	0	
1956.5	0	
1957.5	0	
1958.5	0	
1959.5	0	
1960.5	0	
1961.5	0	
1962.5	0	
1963.5	0	
1964.5	0	
1965.5	0	
1966.5	0	
1967.5	0	
1968.5	0	
1969.5	0	
1970.5	0	
1971.5	0	
1972.5	0	
1973.5	0	
1974.5	0	
1975.5	0	
1976.5	0	
1977.5	0	
1978.5	0	
1979.5	0	
1980.5	0	
1981.5	0	
1982.5	0	
1983.5	0	
1984.5	0	
1985.5	0	
1986.5	0	
1987.5	0	
1988.5	0	
1989.5	0	
1990.5	0	
1991.5	0	
1992.5	0	
1993.5	0	
1994.5	0	
1995.5	0	
1996.5	0	
1997.5	0	 
ADC Channel - Charge distribution	LED bias55V, G29dB,I2.0	
