ADC Channel - Charge distribution	LED bias55V, G29dB,I2.5		
-49.5	0	
-48.5	0	
-47.5	0	
-46.5	0	
-45.5	0	
-44.5	0	
-43.5	0	
-42.5	0	
-41.5	0	
-40.5	0	
-39.5	1	
-38.5	0	
-37.5	0	
-36.5	0	
-35.5	2	
-34.5	0	
-33.5	0	
-32.5	4	
-31.5	7	
-30.5	4	
-29.5	2	
-28.5	13	
-27.5	9	
-26.5	18	
-25.5	25	
-24.5	30	
-23.5	51	
-22.5	83	
-21.5	83	
-20.5	113	
-19.5	176	
-18.5	218	
-17.5	316	
-16.5	404	
-15.5	492	
-14.5	568	
-13.5	719	
-12.5	957	
-11.5	1101	
-10.5	1373	
-9.5	1609	
-8.5	1917	
-7.5	2120	
-6.5	2371	
-5.5	2716	
-4.5	2920	
-3.5	3212	
-2.5	3408	
-1.5	3573	
-0.5	3634	
0.5	3764	
1.5	3703	
2.5	3660	
3.5	3488	
4.5	3303	
5.5	3145	
6.5	2828	
7.5	2548	
8.5	2243	
9.5	2070	
10.5	1729	
11.5	1476	
12.5	1307	
13.5	963	
14.5	791	
15.5	658	
16.5	530	
17.5	386	
18.5	313	
19.5	238	
20.5	172	
21.5	138	
22.5	96	
23.5	74	
24.5	48	
25.5	39	
26.5	24	
27.5	23	
28.5	16	
29.5	11	
30.5	9	
31.5	5	
32.5	7	
33.5	4	
34.5	7	
35.5	5	
36.5	5	
37.5	5	
38.5	6	
39.5	8	
40.5	10	
41.5	6	
42.5	6	
43.5	3	
44.5	3	
45.5	2	
46.5	4	
47.5	6	
48.5	8	
49.5	2	
50.5	3	
51.5	2	
52.5	5	
53.5	4	
54.5	4	
55.5	2	
56.5	3	
57.5	1	
58.5	2	
59.5	3	
60.5	4	
61.5	4	
62.5	3	
63.5	2	
64.5	3	
65.5	1	
66.5	4	
67.5	2	
68.5	5	
69.5	1	
70.5	5	
71.5	0	
72.5	2	
73.5	3	
74.5	4	
75.5	4	
76.5	3	
77.5	2	
78.5	3	
79.5	3	
80.5	1	
81.5	1	
82.5	2	
83.5	1	
84.5	4	
85.5	7	
86.5	3	
87.5	1	
88.5	5	
89.5	3	
90.5	2	
91.5	5	
92.5	4	
93.5	2	
94.5	1	
95.5	3	
96.5	4	
97.5	2	
98.5	4	
99.5	7	
100.5	2	
101.5	4	
102.5	2	
103.5	1	
104.5	3	
105.5	2	
106.5	3	
107.5	3	
108.5	5	
109.5	2	
110.5	2	
111.5	4	
112.5	1	
113.5	5	
114.5	5	
115.5	4	
116.5	3	
117.5	0	
118.5	2	
119.5	2	
120.5	6	
121.5	4	
122.5	0	
123.5	7	
124.5	4	
125.5	6	
126.5	6	
127.5	6	
128.5	3	
129.5	9	
130.5	5	
131.5	4	
132.5	6	
133.5	3	
134.5	6	
135.5	5	
136.5	3	
137.5	4	
138.5	7	
139.5	7	
140.5	2	
141.5	4	
142.5	5	
143.5	7	
144.5	3	
145.5	5	
146.5	2	
147.5	2	
148.5	5	
149.5	4	
150.5	4	
151.5	3	
152.5	10	
153.5	2	
154.5	2	
155.5	4	
156.5	4	
157.5	8	
158.5	1	
159.5	3	
160.5	3	
161.5	8	
162.5	2	
163.5	4	
164.5	5	
165.5	7	
166.5	3	
167.5	7	
168.5	9	
169.5	8	
170.5	6	
171.5	8	
172.5	8	
173.5	14	
174.5	8	
175.5	9	
176.5	8	
177.5	12	
178.5	10	
179.5	7	
180.5	12	
181.5	7	
182.5	11	
183.5	17	
184.5	13	
185.5	17	
186.5	15	
187.5	16	
188.5	20	
189.5	12	
190.5	24	
191.5	27	
192.5	38	
193.5	34	
194.5	30	
195.5	53	
196.5	39	
197.5	70	
198.5	78	
199.5	103	
200.5	115	
201.5	135	
202.5	148	
203.5	208	
204.5	239	
205.5	317	
206.5	355	
207.5	403	
208.5	455	
209.5	553	
210.5	603	
211.5	747	
212.5	836	
213.5	980	
214.5	1140	
215.5	1253	
216.5	1397	
217.5	1577	
218.5	1813	
219.5	1987	
220.5	2135	
221.5	2310	
222.5	2470	
223.5	2640	
224.5	2882	
225.5	3210	
226.5	3179	
227.5	3306	
228.5	3497	
229.5	3684	
230.5	3828	
231.5	3760	
232.5	3768	
233.5	3907	
234.5	3773	
235.5	3686	
236.5	3792	
237.5	3656	
238.5	3399	
239.5	3360	
240.5	3233	
241.5	3152	
242.5	2927	
243.5	2741	
244.5	2621	
245.5	2390	
246.5	2151	
247.5	1989	
248.5	1794	
249.5	1645	
250.5	1505	
251.5	1299	
252.5	1122	
253.5	989	
254.5	881	
255.5	723	
256.5	579	
257.5	561	
258.5	456	
259.5	361	
260.5	349	
261.5	252	
262.5	245	
263.5	190	
264.5	174	
265.5	143	
266.5	135	
267.5	123	
268.5	99	
269.5	92	
270.5	83	
271.5	78	
272.5	70	
273.5	58	
274.5	68	
275.5	79	
276.5	74	
277.5	68	
278.5	84	
279.5	86	
280.5	79	
281.5	82	
282.5	88	
283.5	77	
284.5	79	
285.5	92	
286.5	68	
287.5	77	
288.5	92	
289.5	95	
290.5	100	
291.5	92	
292.5	76	
293.5	83	
294.5	89	
295.5	82	
296.5	73	
297.5	93	
298.5	94	
299.5	104	
300.5	92	
301.5	94	
302.5	83	
303.5	85	
304.5	89	
305.5	83	
306.5	103	
307.5	121	
308.5	91	
309.5	91	
310.5	117	
311.5	105	
312.5	77	
313.5	97	
314.5	115	
315.5	124	
316.5	109	
317.5	109	
318.5	102	
319.5	116	
320.5	114	
321.5	97	
322.5	114	
323.5	106	
324.5	91	
325.5	111	
326.5	97	
327.5	118	
328.5	91	
329.5	96	
330.5	76	
331.5	100	
332.5	123	
333.5	103	
334.5	96	
335.5	98	
336.5	100	
337.5	101	
338.5	89	
339.5	101	
340.5	92	
341.5	101	
342.5	94	
343.5	90	
344.5	78	
345.5	86	
346.5	72	
347.5	72	
348.5	71	
349.5	73	
350.5	61	
351.5	61	
352.5	58	
353.5	62	
354.5	71	
355.5	54	
356.5	60	
357.5	54	
358.5	53	
359.5	53	
360.5	57	
361.5	49	
362.5	33	
363.5	43	
364.5	34	
365.5	23	
366.5	31	
367.5	33	
368.5	32	
369.5	30	
370.5	35	
371.5	25	
372.5	27	
373.5	20	
374.5	25	
375.5	23	
376.5	16	
377.5	28	
378.5	25	
379.5	20	
380.5	27	
381.5	19	
382.5	27	
383.5	22	
384.5	22	
385.5	17	
386.5	24	
387.5	16	
388.5	27	
389.5	26	
390.5	22	
391.5	20	
392.5	21	
393.5	22	
394.5	12	
395.5	26	
396.5	25	
397.5	23	
398.5	25	
399.5	31	
400.5	21	
401.5	30	
402.5	23	
403.5	40	
404.5	29	
405.5	35	
406.5	34	
407.5	41	
408.5	44	
409.5	33	
410.5	57	
411.5	47	
412.5	45	
413.5	66	
414.5	69	
415.5	87	
416.5	83	
417.5	94	
418.5	77	
419.5	104	
420.5	138	
421.5	129	
422.5	151	
423.5	178	
424.5	181	
425.5	205	
426.5	208	
427.5	277	
428.5	291	
429.5	323	
430.5	330	
431.5	429	
432.5	431	
433.5	529	
434.5	585	
435.5	656	
436.5	701	
437.5	726	
438.5	792	
439.5	860	
440.5	959	
441.5	1034	
442.5	1085	
443.5	1132	
444.5	1281	
445.5	1343	
446.5	1431	
447.5	1453	
448.5	1548	
449.5	1630	
450.5	1699	
451.5	1663	
452.5	1859	
453.5	1926	
454.5	2051	
455.5	2032	
456.5	2092	
457.5	2135	
458.5	2066	
459.5	2159	
460.5	2237	
461.5	2154	
462.5	2191	
463.5	2225	
464.5	2176	
465.5	2220	
466.5	2189	
467.5	2088	
468.5	2125	
469.5	2149	
470.5	2099	
471.5	1970	
472.5	1859	
473.5	1848	
474.5	1748	
475.5	1733	
476.5	1678	
477.5	1601	
478.5	1500	
479.5	1411	
480.5	1364	
481.5	1209	
482.5	1160	
483.5	1168	
484.5	1061	
485.5	988	
486.5	869	
487.5	812	
488.5	765	
489.5	706	
490.5	634	
491.5	581	
492.5	551	
493.5	484	
494.5	450	
495.5	420	
496.5	355	
497.5	303	
498.5	276	
499.5	271	
500.5	248	
501.5	255	
502.5	206	
503.5	185	
504.5	171	
505.5	165	
506.5	142	
507.5	146	
508.5	155	
509.5	129	
510.5	139	
511.5	135	
512.5	137	
513.5	134	
514.5	128	
515.5	134	
516.5	144	
517.5	127	
518.5	133	
519.5	136	
520.5	127	
521.5	146	
522.5	114	
523.5	142	
524.5	158	
525.5	149	
526.5	145	
527.5	153	
528.5	139	
529.5	142	
530.5	151	
531.5	145	
532.5	133	
533.5	153	
534.5	134	
535.5	183	
536.5	169	
537.5	178	
538.5	139	
539.5	159	
540.5	148	
541.5	157	
542.5	173	
543.5	163	
544.5	143	
545.5	172	
546.5	180	
547.5	157	
548.5	145	
549.5	164	
550.5	144	
551.5	176	
552.5	170	
553.5	161	
554.5	124	
555.5	167	
556.5	134	
557.5	148	
558.5	154	
559.5	160	
560.5	153	
561.5	150	
562.5	148	
563.5	129	
564.5	129	
565.5	150	
566.5	142	
567.5	124	
568.5	120	
569.5	126	
570.5	131	
571.5	111	
572.5	112	
573.5	106	
574.5	108	
575.5	121	
576.5	113	
577.5	105	
578.5	111	
579.5	104	
580.5	93	
581.5	89	
582.5	97	
583.5	101	
584.5	102	
585.5	84	
586.5	91	
587.5	81	
588.5	85	
589.5	91	
590.5	83	
591.5	68	
592.5	85	
593.5	83	
594.5	74	
595.5	58	
596.5	78	
597.5	71	
598.5	72	
599.5	65	
600.5	63	
601.5	41	
602.5	65	
603.5	53	
604.5	62	
605.5	48	
606.5	46	
607.5	56	
608.5	41	
609.5	54	
610.5	60	
611.5	39	
612.5	44	
613.5	28	
614.5	37	
615.5	34	
616.5	36	
617.5	39	
618.5	43	
619.5	38	
620.5	34	
621.5	29	
622.5	38	
623.5	47	
624.5	34	
625.5	33	
626.5	44	
627.5	49	
628.5	45	
629.5	38	
630.5	43	
631.5	55	
632.5	57	
633.5	42	
634.5	48	
635.5	60	
636.5	73	
637.5	57	
638.5	67	
639.5	78	
640.5	77	
641.5	89	
642.5	106	
643.5	103	
644.5	96	
645.5	120	
646.5	123	
647.5	161	
648.5	134	
649.5	178	
650.5	160	
651.5	193	
652.5	190	
653.5	209	
654.5	262	
655.5	282	
656.5	280	
657.5	293	
658.5	324	
659.5	375	
660.5	375	
661.5	389	
662.5	375	
663.5	433	
664.5	469	
665.5	488	
666.5	518	
667.5	559	
668.5	549	
669.5	577	
670.5	629	
671.5	653	
672.5	658	
673.5	690	
674.5	678	
675.5	727	
676.5	748	
677.5	767	
678.5	781	
679.5	867	
680.5	859	
681.5	845	
682.5	903	
683.5	878	
684.5	900	
685.5	861	
686.5	912	
687.5	933	
688.5	961	
689.5	921	
690.5	919	
691.5	972	
692.5	959	
693.5	904	
694.5	956	
695.5	934	
696.5	973	
697.5	919	
698.5	939	
699.5	923	
700.5	941	
701.5	910	
702.5	881	
703.5	836	
704.5	800	
705.5	811	
706.5	845	
707.5	777	
708.5	820	
709.5	777	
710.5	753	
711.5	675	
712.5	700	
713.5	678	
714.5	657	
715.5	638	
716.5	594	
717.5	587	
718.5	497	
719.5	531	
720.5	494	
721.5	524	
722.5	459	
723.5	440	
724.5	391	
725.5	382	
726.5	340	
727.5	336	
728.5	329	
729.5	310	
730.5	278	
731.5	237	
732.5	231	
733.5	217	
734.5	231	
735.5	181	
736.5	206	
737.5	193	
738.5	149	
739.5	189	
740.5	172	
741.5	152	
742.5	143	
743.5	152	
744.5	134	
745.5	126	
746.5	153	
747.5	134	
748.5	116	
749.5	125	
750.5	113	
751.5	103	
752.5	114	
753.5	136	
754.5	124	
755.5	111	
756.5	118	
757.5	113	
758.5	118	
759.5	117	
760.5	103	
761.5	133	
762.5	116	
763.5	116	
764.5	110	
765.5	124	
766.5	112	
767.5	129	
768.5	134	
769.5	113	
770.5	123	
771.5	110	
772.5	118	
773.5	120	
774.5	149	
775.5	119	
776.5	129	
777.5	131	
778.5	131	
779.5	138	
780.5	130	
781.5	127	
782.5	110	
783.5	131	
784.5	114	
785.5	133	
786.5	113	
787.5	96	
788.5	115	
789.5	113	
790.5	127	
791.5	120	
792.5	114	
793.5	112	
794.5	91	
795.5	107	
796.5	102	
797.5	97	
798.5	121	
799.5	116	
800.5	116	
801.5	121	
802.5	100	
803.5	93	
804.5	89	
805.5	94	
806.5	115	
807.5	92	
808.5	80	
809.5	78	
810.5	94	
811.5	83	
812.5	73	
813.5	77	
814.5	72	
815.5	79	
816.5	84	
817.5	81	
818.5	87	
819.5	79	
820.5	59	
821.5	64	
822.5	67	
823.5	70	
824.5	50	
825.5	59	
826.5	62	
827.5	57	
828.5	63	
829.5	62	
830.5	69	
831.5	68	
832.5	64	
833.5	53	
834.5	53	
835.5	50	
836.5	40	
837.5	60	
838.5	44	
839.5	51	
840.5	48	
841.5	41	
842.5	45	
843.5	43	
844.5	41	
845.5	39	
846.5	42	
847.5	42	
848.5	44	
849.5	40	
850.5	44	
851.5	31	
852.5	40	
853.5	51	
854.5	43	
855.5	51	
856.5	52	
857.5	39	
858.5	55	
859.5	49	
860.5	55	
861.5	61	
862.5	49	
863.5	62	
864.5	63	
865.5	72	
866.5	55	
867.5	66	
868.5	63	
869.5	88	
870.5	72	
871.5	101	
872.5	98	
873.5	102	
874.5	107	
875.5	103	
876.5	122	
877.5	119	
878.5	147	
879.5	132	
880.5	110	
881.5	132	
882.5	164	
883.5	160	
884.5	163	
885.5	177	
886.5	171	
887.5	180	
888.5	193	
889.5	211	
890.5	191	
891.5	222	
892.5	222	
893.5	215	
894.5	212	
895.5	239	
896.5	249	
897.5	237	
898.5	249	
899.5	264	
900.5	282	
901.5	265	
902.5	273	
903.5	280	
904.5	291	
905.5	233	
906.5	285	
907.5	317	
908.5	302	
909.5	314	
910.5	330	
911.5	299	
912.5	272	
913.5	307	
914.5	311	
915.5	313	
916.5	318	
917.5	320	
918.5	328	
919.5	359	
920.5	354	
921.5	295	
922.5	298	
923.5	348	
924.5	308	
925.5	310	
926.5	330	
927.5	344	
928.5	328	
929.5	334	
930.5	331	
931.5	365	
932.5	335	
933.5	304	
934.5	317	
935.5	336	
936.5	321	
937.5	321	
938.5	289	
939.5	323	
940.5	307	
941.5	325	
942.5	284	
943.5	310	
944.5	286	
945.5	255	
946.5	256	
947.5	278	
948.5	223	
949.5	276	
950.5	262	
951.5	236	
952.5	238	
953.5	245	
954.5	197	
955.5	182	
956.5	194	
957.5	215	
958.5	185	
959.5	183	
960.5	162	
961.5	181	
962.5	152	
963.5	128	
964.5	138	
965.5	149	
966.5	115	
967.5	117	
968.5	130	
969.5	99	
970.5	108	
971.5	103	
972.5	112	
973.5	86	
